1000
898596 324360
961172 638467
2661317 973054
2649922 702591
3344888 2987486
810177 362218
3705801 1393021
2402151 1670296
4191705 4190369
4121372 3276524
4854505 1751185
1096219 811945
4505394 3924216
2077250 655741
2898820 1075334
3436333 323216
604667 335902
2876064 2025266
1501464 129531
3573159 3363694
4684899 266181
4717503 1337131
35380 30238
119473 37067
3433281 3317307
3099664 538421
3625888 381964
50306 4281
4179462 2483562
4295354 31976
4271868 3080896
1752329 1070170
3797949 2651308
4444762 2280808
123392 77175
4185172 4155323
3823901 1640659
192490 164836
2975059 931078
1513254 244747
4754187 4483019
2518892 110149
2434721 1199455
1541813 1019878
4106925 1034277
2964299 2951880
4245997 3110447
1557999 79504
1207912 269917
1847977 1697938
3312081 3254982
3175388 2527765
4236674 2910072
3448613 85988
2613748 2207435
921727 179270
259470 77400
4169392 738955
414016 153009
3114522 324747
1289854 523949
502688 234921
1260017 199054
4629303 1003705
1289618 1075885
1771006 892460
1037406 186479
1786341 1156837
1837994 1192344
2093566 927321
2071947 766603
4955419 3682763
1814391 1552779
641991 506695
1141081 604340
4010595 2406410
3880206 3732598
3173047 52028
4561843 3565453
2716648 466336
2744868 1355027
3359517 699890
1034753 372944
3931575 2017172
1265494 1013163
1580928 1476523
2744414 11087
1658920 47406
2888408 1253988
2315640 1483294
4508314 3499358
3447131 3003472
3637562 2220310
1125475 1085592
3152931 951093
4182927 2195824
219630 155573
3262172 2928200
1781119 1137173
4811525 4249872
3948540 3510107
4367482 928945
4652776 2737082
449073 164806
3980971 2774724
444160 353400
1326181 1027892
278156 106574
1267621 186414
1519701 218063
1656842 235299
900756 873672
238536 165742
431078 367391
340804 226455
1386114 637972
3235404 2350948
3498098 1067597
1298485 664947
349095 29868
3383018 2512093
3147388 1166157
2568538 1157176
1165433 928579
235588 106928
3739761 3408620
4912003 1695682
1002062 830367
3097282 732333
3335040 223942
4029825 2527844
150601 60132
2601522 344635
4705185 1924497
2550869 1225680
3645251 1242112
1562268 560182
3021961 39405
437714 311920
3776671 2673657
687966 571768
612557 189938
3262650 82063
4229253 1697916
3311724 622465
1718280 482130
2740884 2283886
4964543 3757300
4877766 150210
2613310 1308087
660531 187779
1113547 109087
1807770 453564
465019 239776
1383757 1271830
1830965 993002
3521808 431186
3511076 1146363
2367519 168145
2887933 713089
1824531 1798409
3274657 2853339
4738205 1009246
3298491 769109
1548107 296035
1389064 879292
4470069 511646
3310848 2742724
3375860 199552
554125 435690
3265270 2425344
3160535 1782502
4328986 2389659
3996832 3883973
2317580 1550313
2497629 204927
4331800 2803194
4158941 312605
1100969 171967
1778537 1305026
1887611 196395
954568 920648
2998496 1285378
2520893 1627316
1359852 519725
1102513 700361
643487 391041
4640093 167107
1655568 297076
3083389 1254200
487627 66368
3886031 2689706
797714 641243
633613 553257
1020872 81996
3832095 760054
4911359 2024423
4402562 3782411
1230054 711027
3504134 1072884
1104990 854315
1037282 995841
4160190 3692242
1983206 1728545
4788068 3942959
2991478 2637075
785996 207035
3673198 3611503
3940518 3875141
4813835 1220240
784376 232834
950348 198149
4379172 780931
4842592 4750826
1378701 127934
3270430 16258
2493122 905945
2896707 643396
4225945 2424829
1925516 845200
4962708 3115306
530920 111047
2734705 973103
3788710 2625664
4267748 2604788
2970232 187673
311940 310534
2784317 2777953
1776357 584085
1546600 349925
3985080 88864
1633735 1256781
2459985 1293849
3385454 1464035
4759614 4201253
810295 218288
3034979 2114452
2269374 1828845
4940229 4123488
3237701 2274014
4705643 2668592
4717739 2908023
1193736 883247
1819474 1243209
4211961 1677726
3539117 819507
3334251 2307229
2701456 1668778
3408687 2692547
1382186 224177
3590440 1532178
2013507 1513939
3867028 3165940
2916766 933178
2825967 2177994
2224916 341255
4973040 2478709
4944274 316192
4566374 1335647
2526049 1602462
3713618 2539529
707646 292575
2570427 518230
2395416 2076364
1132437 619850
2762226 1737617
1028794 876060
4957916 2251687
1974293 1562735
2382170 1368553
4063156 4048244
4139629 3479865
2560742 2382072
2435932 1069572
4521947 1845250
3312962 2758447
1905829 279983
4127407 3690865
4764114 1752706
2765791 385744
3995121 1484197
4943147 639175
1564971 993981
1124695 998648
469062 449087
4239802 2515856
170077 16772
3349818 2710881
840288 91625
2865976 2535049
311246 210805
1658944 968122
1894704 1427938
2409227 2367350
180687 90779
1465887 895079
1700042 1690731
1975068 46770
4989978 1866913
1982890 791860
814989 421403
794382 14692
4680577 561318
4496000 1590038
46214 39225
2084697 2027610
3048198 358557
3355454 3200145
2907386 1521398
581240 391696
4080589 2147812
3391711 1722136
2553818 2282281
3587303 1523414
4191047 3379206
3135759 468415
4828958 2876102
2061547 506173
1439104 695915
1309013 814002
1368708 1323325
627105 5450
4680039 3703345
475137 228317
1221388 385833
2007334 421416
449388 23998
3088846 1357161
3930923 2998891
4957662 726989
4951249 4564353
2847711 2221865
4728026 581672
720418 332391
2921332 2772897
1741028 1259647
2182183 1283864
1391051 595456
513566 65850
1922447 108084
2514026 1590464
3682981 3108098
3228182 417632
2126463 282894
1978207 1888018
1777242 462816
2716346 1847545
3051012 480230
2451814 935589
1707139 201846
4196147 1604061
1622683 274085
1952275 106008
2486515 1273489
1481929 63993
3437119 3061030
1822270 738336
4755347 835938
380883 5205
4933321 2299128
2279506 1641652
3425094 1152728
3128847 2709427
3428114 2385597
2921584 816231
1053302 408860
270391 115289
4984988 940627
2794911 2277459
2175367 344625
2171249 20181
4151742 1668874
553253 75051
4506690 3279192
2664801 1059380
2889720 50249
1574137 1408576
691533 257158
4068049 3669493
2340270 250272
2601575 2580782
2188573 1997467
3609647 2320722
2818547 1271096
2026557 1493033
4344961 937499
4503237 3109381
547363 13313
3028409 733513
1339923 826139
3708981 580869
819607 814624
4110504 3662028
1012111 209956
4547162 2188778
479151 226613
1322436 295470
3342461 587467
2420502 1035431
4764329 3307504
4521529 4130561
2981308 757928
3957198 2801261
287199 165480
953826 873980
2155953 353067
2419099 2002100
1069256 249104
4547800 4414945
222771 52645
4794754 4476015
3277969 1411462
1527299 608528
1322857 150486
2255549 325684
120089 118234
565182 18077
2906965 351978
3519383 2369864
942406 898517
1494330 392582
3905533 346143
4632072 780141
4703886 2376927
2908361 1697213
1454101 1198189
514863 344526
2390112 495385
4557987 105193
3826598 2855254
2044610 1856086
1865739 935
4063367 613976
672696 88012
1187335 997225
3127550 997081
4214484 254207
536015 519699
3270224 1539222
1728390 867138
2121363 2117313
4925535 1446340
2738299 2095468
4826962 1572545
3270893 1775177
4599341 1706216
3880637 537490
1401201 768152
610067 162633
1823585 1781084
3654185 1841914
4171177 1428836
134940 125184
4134838 386140
555241 406540
4169425 1198745
4093898 983614
3627214 1308199
4205103 3405028
4850398 4214440
4661902 3714348
3973020 3394486
4685391 1746211
927830 568124
2504078 676881
4999163 502429
4440938 107519
406582 56108
4964302 1724964
2002157 1927494
1990298 820087
4326195 2192044
2697421 457454
1753643 91697
2689902 804043
1017757 40422
1985132 1012870
1966959 804526
4988272 447993
3286929 575218
4048648 2507816
4098844 3913192
4291363 2326801
2009403 1872829
2385010 699873
4569594 4233853
2303327 1936490
4643368 838870
3283107 507851
3174842 3107414
770962 38491
1096735 88879
260797 49574
1328219 1224605
1776606 1345264
4379115 2696239
4434564 634472
1648894 1182801
1223421 952719
142369 56128
2819232 2224260
1407135 587451
1746283 10230
4503003 518342
1559126 1014710
1394256 1223372
4273437 2094364
1440058 769584
3242837 3044453
3012298 2701969
4734240 1544337
4060573 2933937
3055090 1645286
889404 717512
884699 175650
4598767 4227459
3554217 2381887
4375987 3532255
1464034 1012866
1173450 408367
837338 777993
163495 30478
1033360 154189
965939 80042
1946249 1850378
3272734 956579
4241042 2358488
4217412 4126446
3975646 2968688
2145437 1510185
1445449 220049
1753044 854665
638390 140673
2396166 1807442
4119927 2256216
2527571 1100000
4476545 2712149
346698 143005
482045 52725
1055418 705628
2606701 720119
604719 335477
3327961 626612
863837 20611
4420485 538506
2300740 2131240
3546198 3024638
1430742 844634
2539967 859745
257282 154806
3631614 1639455
4237252 3008668
4799967 1407989
4025098 3279101
942862 875927
1869525 905198
2946183 2413013
3202305 3162982
4262177 2840970
2436965 1318945
1826993 74077
3301685 2037078
2425248 114586
3344133 3323525
3015081 234112
4173940 2424218
4149823 3436299
73691 24910
3042438 1114827
1035433 829127
2138651 715880
4970747 3681908
2646948 2458694
3633994 3311944
1909309 1039808
1486070 1201579
1643587 657356
1009120 153063
758239 542289
3623625 450547
3710237 1240590
2693990 985754
653336 270432
3278561 960958
1989470 716199
2610589 1020038
1268060 1039946
521936 507214
4934373 4809733
739492 702589
2684413 2203099
2532472 455042
4842015 4131983
1965631 193995
3703119 3608422
1623983 966338
235773 111241
2965408 2333223
1706481 915287
1749559 1400200
640280 393796
3427966 2194644
3110545 3045885
1430530 550764
2165811 352865
4138436 2850802
2162914 903168
4748330 1253314
2257155 14320
1298607 309309
264476 54209
1791555 1465925
4711693 2309617
3027924 177981
3431583 534783
4855884 834021
1053449 245874
1642410 55317
2733027 1236587
1991991 288524
3474523 1956209
3524057 1395373
3362131 1364620
3358729 1732618
1617946 1119840
2263673 777829
3680837 2583278
1370828 1039163
2253950 1803332
4036375 344295
4447804 3254997
3708556 2372424
3576713 2462559
792610 104053
841488 804674
4139118 620729
2620277 1507088
1101548 622975
3944011 1530557
3047491 1409176
2614092 1490564
1550445 1259954
1870354 1674144
2205337 930336
110708 7632
191523 177788
1393553 660810
569312 11773
2260034 1508117
3601683 593099
502449 193094
3171359 534817
2432785 941180
1967442 952411
1341698 334588
3064001 2508774
4367160 3784175
1418896 716109
3849924 1165964
2622254 2152110
4606013 2024575
1105277 853217
284203 277776
652720 104051
4120182 3088010
4113800 627591
464462 63205
3586154 3559858
455878 140929
4400820 385991
3479963 2821188
2643850 1728602
3847295 391641
4534415 2218438
3007323 1674241
3768491 6246
3635723 1840933
36570 28917
2362786 119811
2684994 1285866
3524167 521898
1343655 1001219
4050686 580440
3465797 499263
1054822 301077
2512215 560055
385691 108715
960305 84718
2461279 2190566
2181330 296880
3725896 2511361
2227562 789378
4006919 2902009
2371778 161959
4111129 932812
522666 403037
4448324 1655261
4276493 44489
3804199 3379529
2154104 1991389
2775759 2128450
3293915 1439388
2247261 2066619
3180506 322226
2220520 988842
4785117 1778414
1279503 1147388
4017173 2505658
3013511 428961
3059984 2648007
4160317 3416575
1242611 622346
2801516 1999304
2130310 1241364
2325678 438785
3731075 2253575
10020 2802
2170480 1532597
4824126 1864174
655529 44235
2623454 1315470
4671724 3950239
2440490 101325
711647 598987
635654 170539
2871819 233047
1157048 219885
4298481 2782083
1018140 656334
3096166 1762146
1706917 1350278
4443539 2417436
4021853 536108
4584047 507307
2542081 70576
1187203 1153866
1912259 1220291
637713 5166
4865358 2880386
1252799 1231541
2678074 136481
785610 353629
1485700 1379608
2436632 172612
3458958 2459601
3652785 1810359
4262608 2388541
2621369 2530739
716287 46182
3988297 1263743
3273280 3078283
1919400 1087720
919040 682488
3307801 1682681
1517390 1266846
2841089 722489
2327533 2159338
3827736 2036753
4818507 2478796
4207603 4133378
3885040 3157142
2693130 1237966
4596085 151557
371128 153936
1896129 169296
2433389 621087
182514 180275
202085 92349
2224096 1528459
2605333 1558665
2527856 2146260
4419980 2081831
4352868 3564903
1711453 1545730
2204346 1517404
276695 103868
3423482 2914553
167775 167098
1890965 1263295
4407463 1662564
297984 201970
626638 578413
3246622 1145276
527303 275577
4933559 3815758
2639429 292360
4280786 1778286
685321 578155
4766026 1107231
1282537 1089079
384062 197137
1150880 11996
1605672 1084880
1720216 708794
1839861 469783
1657648 686058
4045786 3827198
3507410 213409
4783902 509447
3603668 203655
4127255 3471415
1653090 410450
1726950 817431
584517 130557
524899 329558
1145460 875571
3879495 1019477
2235738 1934678
751354 136504
120599 43413
2920465 2044154
2479967 2293070
2947317 1525711
2217605 832618
1081405 353103
3018752 785387
1048136 638923
879709 238732
390906 325145
4136067 636684
4361529 2348287
1290902 394357
4732427 1325924
3586323 543716
1110629 762387
1949298 763399
1447484 1152571
1906575 181603
3626626 448458
3438634 409740
1729764 173906
551498 153643
2506014 2342332
3202668 2085798
4738354 1315110
364742 204319
28846 588
310392 56851
921400 189623
3762226 526370
189238 160819
241911 210075
4915971 963522
240755 126175
3532555 1303640
1315839 1137424
3227593 457183
1799909 826841
3767436 1763511
3355424 268965
4581873 1453863
2871271 2621419
4904142 3146754
3682432 3378632
1951607 595855
3741889 2284054
1403773 1255257
3106563 1453802
1419947 472328
1659225 355382
3593471 511012
3264662 2959875
841985 322228
1149474 828450
3248506 2460033
3669168 2579038
1956368 1198667
3680882 2012807
123394 117803
2464543 1592727
92182 10224
4403201 2811143
1444142 1293200
1838571 1154588
4060082 1249115
1866558 1638005
1497514 374367
3843199 564095
4373328 1720136
962935 894644
192470 131681
298814 184888
4392433 816949
602656 157385
3296694 2784445
1432598 367514
118662 88142
4619966 1676876
3959426 3789887
101777 436
1584127 613978
1838316 39210
2310418 291611
1901430 1285814
4847864 1677782
3638229 753
3634033 3330253
4569726 3070995
2130970 373377
3820338 881329
4729995 2985963
620832 408283
3017889 1792850
3597491 3237467
3091965 989958
330033 77881
387259 188094
2248776 1709930
1622055 1013345
4624016 1673748
561158 460050
2820329 1511205
961223 647901
226013 78037
1613277 601403
875768 32158
2005544 256379
1759785 224219
175093 93462
2006536 725801
1895861 842820
2909027 1147261
3465468 1206474
1680274 695678
364518 214219
355675 23881
4541660 3596686
2160997 1681606
4050749 108134
2886053 2292727
3741902 2025464
117448 6313
1092207 383038
3737654 891325
4947505 1794847
3382238 529287
3422132 2219904
4799990 1691715
3251329 2331415
4827253 2113349
3836054 2595273
4534883 768807
2633058 849008
2701973 1067337
1402522 1363771
1144806 920429
406512 8702
1839990 541085
81956 71698
4885170 344273
4831127 3061526
2334887 223893
4821945 1413998
3056206 1514387
1847004 1166681
3977352 2291820
1368366 1327995
370721 213427
4352126 363647
1122454 641892
2119155 95216
460576 73379
1112076 490878
4626813 2486808
1396666 1271516
2170713 815433
154590 37067
2069949 999626
3714379 391084
2019695 217546
4589674 1093569
2679196 59276
4491464 1728965
3039197 1619801
1201797 655236
2552682 1008853
4473094 689005
1850413 914106
3219729 222470
1384178 513795
1297744 1016762
3769590 3662529
4686309 1750562
4377998 144058
669930 145189
4603322 417199
4126066 1455774
1558100 457594
1981060 1024399
1034019 275032
2712227 1651630
4561037 4308368
3991206 3329798
2640992 1298410
3114997 400971
3585589 1371422
1510720 1114420
4157433 2080565
978189 601658
2439414 912690
