100
646491 623636
3530338 442830
896539 10042
4720283 1748303
3995812 3251185
2245353 1971114
1242384 674074
2765908 2641825
4793299 4290130
3340547 2504225
4075172 2528705
1183336 111775
4849273 3814690
2164575 1754441
2523565 1569366
4720788 2081363
1336548 750960
4339049 357283
2623030 2589626
2279121 1542085
1939855 1481869
3516656 2243372
2989478 331811
1094080 830686
1248215 1037867
2378197 594165
1826452 442804
4733689 1271737
4743259 3472797
1423306 683325
643693 354799
3209943 676053
4085553 909906
1264691 148048
2754341 100955
2666450 1415774
3329031 1465513
703668 185683
1660221 538917
3742178 275532
1179622 1008075
3867777 2283479
1524387 1019497
3410374 465927
1569861 866944
1165851 625615
4671771 1754350
2809485 2278735
2059132 1442062
1466012 71563
408767 185767
1352043 772200
20261 15246
954737 858050
1648521 132181
1368792 755501
3215826 1787656
3717850 3028304
3909351 3319460
3014999 2800188
2769758 742081
3878798 2177627
514265 513021
2613695 1706857
1675346 1220375
2089418 898147
3373580 354149
3726627 1726414
1438311 1105151
2358024 1171514
3212639 2153518
2586889 53828
4594749 3523017
2274740 1845928
4515551 1859288
1443309 833500
4111028 3216536
1839381 658696
2844759 5915
836035 819198
4137490 802370
2574135 1891328
2006366 696083
390327 188014
351153 6673
669818 657156
1107780 83917
24935 22836
1274658 504877
4989951 1611980
2965878 180240
321872 63939
2012 870
4759589 4426610
978067 250984
1146325 358547
2536431 2195631
3158059 2308262
861663 109600
376692 121709
