2103978
1189369
6313552
7268393
1350538
1640443
8701122
2744162
5069
3200786
11726802
1051312
2206707
5287502
6830248
11623538
980150
3200555
5042309
792759
16567148
12750436
17648
288616
438727
9567187
12128112
156354
6412688
15917570
4511442
2540835
4333841
8182845
163006
113308
8224937
98832
7652003
4674174
1031197
8924656
4621139
1940721
11554941
46879
4301594
5429823
3446781
561262
215899
2442762
5022685
12519218
1528149
2711777
649090
12882702
941488
10401266
2828193
971501
3895183
13652803
793648
3268300
3114046
2346602
2408082
4347910
4859885
4833922
977709
495498
1981144
6062065
559525
11595832
3780815
8385271
5210553
9957220
2431531
7224033
936310
389513
10118005
5918660
6127740
3116978
3827545
1676993
5347403
147901
8249763
7507476
229194
1261495
2400030
2135134
1661315
12934170
7256422
1027078
4562702
329973
1107512
613777
3968710
4794148
5244220
100034
260869
231563
412760
2768765
3334743
9123781
2343574
1138106
3286805
7431868
5281744
877497
459186
1253871
12153146
634520
8846635
11598424
5678111
319252
8394139
10509902
4960810
9033229
3710663
11068804
456731
4168968
426327
1535036
11829596
9548958
10060816
4578781
1720016
4586257
17716802
4889543
1718828
3671671
5017692
816531
416518
3120885
11554976
8880781
8149080
8127111
97749
1591160
14046497
9471685
4619241
1891191
14858673
2145100
11840336
432462
3167881
5183886
7333773
428045
2874267
8506922
5787151
14400841
3401506
1766740
6247082
125412
6426507
3351516
3104109
1485528
922470
16752298
5016739
6862985
1515844
4523089
575579
294493
3423620
11525420
10919939
2353531
1919781
9127035
927540
153450
1774679
953386
3210672
1336500
2111416
233687
247921
13551652
2012823
2750038
13524854
349207
4590456
12086596
5928361
8416287
6810146
4021192
7008513
1516905
6589937
4395409
6291574
10350060
5090
23994
4423114
4418550
14541774
1404839
4365314
7223683
2122229
2160617
3465796
1652098
3104828
3632585
7715622
6858842
1150090
2149773
9558746
10196410
3872834
3876659
2704305
4259638
7745421
1868488
2653884
7424219
2438528
6989943
9448221
17373528
12181207
3463731
4435202
1515058
7644983
1198394
1892200
3848385
564857
10244187
1539418
3794619
56591
2500856
672283
5107594
10109857
2093824
6014706
1655442
11377137
8863927
9458223
16191136
2123018
467124
72835
6520265
537824
2412506
2722232
1247082
361918
2569659
1743933
157475
319241
2119129
34800
7104002
11809425
4432898
1443069
2819397
15477367
10965377
24140
214113
10028214
587202
5203478
691822
7299260
6283719
1021330
7766233
3076920
9959272
7402472
5776478
2753344
1834131
168928
2234841
3708019
894672
3077148
5882279
1522776
6500587
3527119
15923675
1472002
2355812
15583310
1417981
559880
1795194
3358312
2943080
1612381
6691994
3463273
2174897
10493580
6831431
337910
4869731
3264152
9596061
5663355
5552301
9773887
4976912
6811079
4540879
5200335
1421755
4028423
14752271
1336363
9972322
2390130
8531735
1582666
3933300
7874222
2369704
554954
15239646
1947845
6791658
7931090
9363217
1725341
4654300
6007021
10532186
617390
1583582
1511133
7752107
78297
716992
4864417
5800613
1995385
12816976
5282947
1916661
8582179
1904401
11717045
18375
1700508
2936242
8917741
915428
3780326
10305367
5176076
5527046
1485146
8314472
4372490
437187
295078
6688183
1565961
3007271
504955
603476
1212174
7013081
3403040
4302419
7161418
6575
1965878
9518957
4337896
162212
4068691
13317914
14489084
8806782
4550613
952277
620167
7049908
16659993
3673602
706412
6849082
12939491
2117862
704887
7983690
14822540
59656
6507470
3202433
15188
13135363
2417745
12289460
5628404
10924220
12526475
2346292
1623464
159042
6829249
10332727
34625
14042729
542637
11182129
11693074
8719180
3032624
2417630
3597351
2191717
11101945
1323966
6813718
16905157
16206862
1256275
12242783
279807
4356599
8065753
8345207
6117927
7045486
3556953
3624804
4326495
17062294
10140223
5824896
704318
7427195
511724
6281278
1275720
1376583
14315516
10372225
254772
2652005
3680579
750946
385306
1609776
6370105
14273913
1736347
1003609
303900
2239405
3032337
6372015
14959372
2024467
635738
8232013
2485793
749544
1170605
12041902
4264145
5298547
633648
2587887
1410937
4424580
3200126
1676598
2817164
218793
467755
3214344
3227158
359055
8682268
7116958
345336
3810798
2377409
4510151
3340656
1805579
2208801
7041494
5339637
6680366
732568
1542991
1291563
7041127
981891
10106988
3055634
14572024
636572
1972072
2174394
6275289
367348
7500839
4652737
12800358
2825702
247334
3589953
2008911
148607
5380230
4185338
6454234
4763874
8556605
77939
10352781
6615006
2704436
168915
7225907
762661
5296872
4895521
708751
1218856
3240902
1058871
3658028
3128593
792775
11869980
9285085
6389666
1395390
8688104
4736152
5948553
846661
53796
474379
135760
1810638
7732735
2698755
6547973
358705
2445652
444600
2381498
2942686
1304056
900677
4650295
244211
3253839
6725923
4873343
4697441
13179468
8273466
3641649
748123
1216230
9089506
10602506
10835390
15141941
2960308
5829521
5606470
6306717
5720902
8004073
7505822
6119759
1854426
5538289
4146286
1231953
1689635
13820929
4521952
5044714
4206323
2502596
135774
13202213
4174461
1766159
9091453
6150701
4212787
1082082
733969
4756334
357261
49117
2712633
2002141
2815459
11265796
1120722
9851240
5571108
3782217
3710483
2093446
2212332
2603783
10091714
1767912
9757655
932648
23184
1987970
3908659
13080922
1442359
99578
1136932
15053436
2489070
3435991
12931935
8757897
5009980
14005301
6762974
26252
8303191
5242249
11232925
1271304
13014267
11094689
2766252
7272844
995671
3189913
1017533
6986861
4587755
5360087
4181070
8187162
11946381
436232
10540568
15802846
1608165
610365
2435171
6969335
678117
10659707
4596924
11360887
490820
5713609
9641328
1554011
2818893
2292196
3016707
3321604
7014113
5576701
23546
2387801
11188368
2207628
4900268
2740459
8660793
413663
1689118
9815926
3437964
5740189
1334627
5016845
1330498
7664540
13067158
15307797
9151164
123758
2582346
2274676
7524828
79019
9430793
1581046
395342
8393044
3771660
6942049
7085868
341255
2424191
10253223
736891
3101144
871930
6113842
933122
7915822
631791
6756903
8859696
281786
2755431
5450996
16640382
782285
6375889
6752589
8009
390319
2604564
3925743
1434417
8835731
2988678
618983
2571641
618065
1923119
2418
2342745
10358017
345662
176788
7884393
915003
4246718
8726097
9444123
393213
13789241
718397
674898
4147277
1938243
3755367
5078654
3605110
829014
12288447
16060159
12687885
2485852
4596328
3380463
1643978
711096
999218
10746992
1129442
2235658
270719
3297266
702795
5338074
5163251
2676413
8354699
1509649
2343271
238557
13132097
7612963
3304579
12848921
11388469
1287365
4411851
1096975
6371039
11888956
11318223
5736860
1440971
615687
4206809
12911698
579019
93993
904743
2673540
12118272
101526
114376
14892225
409637
8377720
662950
10347290
3618647
7551726
11513467
11799838
941834
6666726
1150128
5036120
5503184
552661
6207521
3501014
4819307
11535112
1151366
1902695
1188003
2974014
4118056
2827932
6290150
19810
3268595
283336
6028453
562012
2550405
10579938
854771
4146744
12287162
10013132
252444
216775
409818
13442480
1615028
1934296
3929615
107737
11112313
642838
348693
3595151
6617885
7490817
2298210
11975927
13529250
1149756
5680695
6520701
11033604
6611304
776647
4606373
1362219
7875625
902351
718900
2019545
2264473
11139406
369430
4913091
1154925
526477
3750103
3060300
6473482
5668875
289808
4764788
3918885
6601966
8484967
3654301
542704
1182398
3585819
1795777
14722954
2234237
6473905
385436
2607804
10683304
11917463
10668791
4533358
11741666
3468373
10266270
4689342
14161286
6665479
6117594
144312
831077
1418077
4818658
35960
17046846
6710814
7826744
12861611
5791409
2537092
6366745
150272
568051
14949548
1774285
7474953
1392626
2288699
8100298
465757
5050559
413382
3991843
12430205
6666185
13169144
9707040
10429043
5333701
2019825
5771922
14220063
3485483
11167730
3216355
1042921
405640
11089161
15838141
1905333
15709674
10061088
4069933
3566848
2783243
3981332
960184
2505407
5029821
10126464
8326225
1474313
7843298
1387340
5701351
