344456
5766322
560461
2160472
1861413
5078294
718228
3090484
7912309
1455118
10817102
8325936
15813362
15384528
323289
457215
13018913
5324082
8060691
11350174
4448119
4259938
356117
12864001
13793943
7669199
7482036
978987
333186
899429
1910255
7379941
5772062
4386212
2974573
3120046
9530624
465472
5021863
147491
6225329
857819
5433344
454836
7442568
503734
1707606
1602871
4239036
3132315
14645193
14137777
9916918
12955222
12347116
2677903
261798
150541
4855742
4714782
6516048
4291396
5937130
92067
3574930
8580390
557127
664093
2602980
7516550
2041742
2766399
1785413
1042608
6566854
1600734
783246
5856993
15902727
5010197
7922050
5958475
5703225
4298661
14882295
15627384
1058024
8000463
2442380
6994376
7378558
15345674
300380
6112948
6002677
9281351
1420712
15882400
313967
1722671
627841
12007282
11450201
463965
10756578
5995673
7892014
1538381
1599349
613513
3071313
6345448
300992
6824393
692712
2105222
3552732
603733
8778476
1872652
9597993
11540927
2060952
10526918
4721927
2658696
9073976
9257164
1606287
452741
1961568
1482655
1858372
9431053
14540530
1251504
6787025
4085383
12892
4119364
4677579
5296716
2009931
3127691
2898988
9174101
71838
17793148
5213350
374790
10913228
5656874
8132981
2062033
3788111
203816
3227213
1062017
10898275
3046156
252475
2059258
1365751
6154269
8716646
14717301
3464863
654229
10374065
10372519
12530312
6259218
2845846
460066
2180210
5793109
4422030
866644
743509
2179604
14333001
3852784
7335094
278666
9574569
11208749
168784
12429958
15702125
199489
4571392
1166849
12423597
308753
15535146
362199
28301
5292847
80832
172056
4508979
3403910
4290212
4260464
153787
9510994
174027
15957148
4487961
1138807
8790427
7248406
13783356
4484176
2425944
24299
661389
3660554
12142099
1943195
2597450
1995870
146183
1033504
188803
4018060
2753852
868211
6131864
8212433
2286785
1728507
5641936
459940
15956658
557669
3957013
51086
905976
4052468
411543
4787994
480263
368323
4311167
8692151
1897582
2452256
7390160
8486972
1731063
1393251
10347333
1791049
44014
12101178
3363755
151539
4603791
635741
5833041
11010518
3005801
5020485
5717946
2064003
7612939
246933
5711156
5193438
1357035
223772
7450466
171299
347808
293041
1753974
3510965
8412214
3855913
1177746
13417736
1123886
8886275
816155
4343747
4233542
16427604
918899
712858
6809806
228621
2217335
13370148
1359589
4246310
6186478
420435
8637
709885
3048
8747770
7557385
3980910
5382010
3324655
612663
6372964
2064534
868094
5098444
1238255
10037831
94604
14861587
3357549
1907724
3429032
5946472
2390669
989256
74410
640316
1065581
608386
4778519
371050
2116830
1710740
2159546
1123727
4748067
4806792
3942408
6809411
1167525
12250972
15012964
144752
3827859
14448170
6087469
497467
5720267
2989702
9794734
769337
1512327
2443054
10820982
4287427
13304581
4348365
7703479
136954
8285368
6781145
2594152
7249411
14103914
6478941
4608384
57594
9287052
811095
5744046
5156497
13097
7847394
5030390
7788347
547609
13012330
3741869
15662332
7584455
5627564
1229748
1333779
2776479
6015787
4957102
427498
4506491
3228622
2521007
9324819
401650
3414629
190643
1828439
7326847
859746
105405
569149
2626092
6345552
2083118
5798698
7742526
2893532
2297035
634597
3474036
3294727
13782480
2634374
4224149
8158729
2357096
15637169
3797967
1119046
2624984
41789
3983704
19194
6371672
1519938
11935654
5654785
1095224
9110657
160761
425820
8073267
10879400
4930103
311986
3758290
5182803
6023480
4624247
476586
9216140
7726203
213209
63791
933496
4771294
5046487
5086855
9778483
15439300
13312074
1884078
3075829
1927451
94801
4134728
5317082
2341858
14468660
110837
563386
2525994
396322
6459824
10055722
395403
4315161
14335989
6683240
10242507
4918749
4572911
7249368
4082219
14866629
4572914
1701958
709794
2989780
5360780
1090780
1858294
5603204
4252287
4825513
9192189
10705372
4366239
2312906
866312
1425684
11287002
14971228
8669130
71061
2328300
11045595
4401332
6448741
9733341
286083
7016767
2168959
735275
79322
1913628
7466844
760653
6478190
4803339
427856
351716
4905719
412949
13191909
11305427
3723682
6340183
4137974
403120
3175428
870662
223806
2545532
3610156
976474
12583072
8092558
1646751
7002066
15651801
8497774
2198363
1549657
7741096
1393812
537996
7940006
5733552
2441279
35374
14541139
3746000
3214371
4227914
7493522
5628762
256515
5081190
5711560
1575400
851550
1576079
6071259
9339084
616955
976121
737994
4326545
563798
17007587
13050090
219421
1480770
2238984
3904426
1707549
9216683
6842141
8237864
574693
2336564
6262580
2939110
9446013
1786403
4394150
7677739
3609456
9841581
595521
290116
3299064
3576060
4035554
1165796
5568162
488244
7618079
362464
405765
1946090
4231309
6710003
2049846
375849
3392828
3599340
9443180
647658
168053
180328
8270966
4387044
14035614
9148379
9847293
5719462
3594939
11746267
2621127
1249738
498103
5682414
1836697
11081848
554064
4925553
6553015
7344255
6148762
1949810
3954913
6259322
12675639
67541
7993298
153949
289944
8771407
874864
1570513
3062369
10969225
612522
435320
7876216
5759352
4713296
11859814
910843
5090425
10534970
12719318
14531999
403124
6711536
4385100
7688353
1692264
9202209
789761
2002656
7988817
2628262
94094
9852334
8521831
3858328
13409088
112136
10379215
977502
6061878
1546354
5839870
5275939
4025999
11671453
13608588
907666
5579112
1002644
1918484
10027796
52937
787654
1283682
5462553
2266074
5459446
5850862
25588
5206796
11116629
3934718
10248354
478231
6124997
3078367
2370929
3790493
421292
52164
9816244
1167465
1326511
6884454
7433532
484537
1614877
3722052
815505
225469
1384394
448377
3224982
12447468
261767
25912
8447897
6851478
7884029
1043604
11909557
1089623
6691339
10654324
4384729
15212050
42286
5555279
5265911
1697830
1846571
9300281
4446427
7387143
4560903
10491193
1942671
6132935
1297205
213277
844408
9454104
11706792
5290103
1924818
3171731
1173717
778216
638127
5063277
3813756
1263708
4716956
829715
1849751
7355372
523893
104784
5382386
3246730
5898658
1326860
3758400
888291
1161996
12876866
13860943
1416682
207716
4258159
471216
756491
3213008
12635827
6236116
9038075
8009575
2478731
22470
28187
2112274
5973631
1633312
2004782
149111
3432298
5003960
11388463
5350120
1000084
878128
556985
5827200
14340464
3500143
7174643
1989508
578161
6861821
3181877
10321967
442616
1679596
5748472
6895766
1171199
7869992
5026646
268109
2716267
10740705
2997422
15748
4893504
5351353
9546662
1419009
1238187
5422366
3618786
215798
1065954
16179917
5557292
13397003
6082449
8845143
576758
1321739
6975002
985987
597277
3458469
2539209
5382545
8660266
2049279
6029373
5344394
2693773
488213
6780377
15432175
3725801
3059517
3037273
1984964
9750112
573806
444828
6836713
2196491
13263877
10627576
3472919
1103356
5528135
7357038
8292
106355
3181516
7428363
2443988
2931210
2605363
3816646
5110121
6099698
3405886
10808
5553531
1150749
4050794
4052024
11302347
946307
163100
4990992
13265377
9197198
317632
2888422
1077428
758886
5676528
4754366
4100368
13754149
5576312
17534783
2111167
100699
11154037
5891733
3697485
3092698
84367
318813
2799771
9614446
1504780
3020513
2112
6850488
276874
1839824
481657
2318270
6764476
9330528
795716
3173656
8826810
9170369
8872760
13625919
7429099
5530669
680123
1531967
1932627
12265021
906879
8836957
2411105
8133716
12814981
7232036
4485016
2400377
1082634
3418974
4878294
8732604
12576049
2423898
5909658
7572594
946910
4036136
248736
1412050
14828643
10181625
870837
5572510
8411981
4984324
580353
7177128
1919780
423357
7086974
264640
3317828
6536874
5575435
276770
2725486
8387595
15176320
8328407
4220034
439154
3939990
662431
885210
535847
3137135
13029335
98482
589330
4341790
11880094
3860798
5296976
5612976
1053272
3809430
525791
9191229
4203646
2510943
4927058
1323624
50837
851737
1817426
1059852
1254048
9124198
198810
10535542
5046744
14836166
410124
39146
2865276
1878428
2875288
2879351
3864822
2961867
7343787
97892
7200654
6542094
24459
2249268
1778592
132146
1258030
2869733
1950871
14249962
8763789
14420480
178711
8044700
1786145
5948037
7550247
4130619
813846
9770270
5554656
3329166
1237738
22873
98322
2998654
950887
163242
5346050
2013231
860789
11687570
231755
1244636
2748939
8783845
15228118
3689337
1420966
2296493
7905966
11264147
3484355
506955
1520790
51667
7331939
4941810
7479917
3906751
12298721
1364724
8665467
4460337
122782
6495107
2922379
2631661
6960245
5293045
9480304
4571250
1895844
1206428
4911376
1701801
2102744
10011693
3376611
2915267
1569861
2102899
4027458
10953873
14268247
790798
9502747
3284688
648856
246162
1709428
6800253
6122087
139571
8540612
6900412
5230868
1087333
8847763
6432742
3844603
4277398
327213
5681848
17261250
5684407
5861872
31989
285196
179928
1089495
887794
2261102
45196
16444
1306384
8251151
1710815
987472
171824
6912013
6470039
6495981
5789358
2260023
1401348
1190
6951497
4637292
13153409
668450
1176238
2809054
4648454
4352092
1602525
949272
6831134
2665906
2852657
10752741
13098437
3074813
2102129
417563
1316351
402352
407134
9835630
993351
3766613
1199830
4758503
4007376
11176565
339412
3347334
3172748
8834693
12004116
553332
12743184
3233
11232624
2112596
107598
1234407
6641879
3391277
1037451
3540815
2462477
5859260
11551398
1171058
1350656
5102945
11281332
367174
1035910
6782521
2530943
8993294
80914
5652573
1730337
527669
14267440
11279356
2273399
518365
5940277
2385410
6391170
1424228
901630
9400310
7362545
341545
7965645
7640288
30163
463462
5396353
3728748
8417733
2712706
5911039
2876904
13084648
249666
6455086
276891
1339402
4919523
1907022
7301778
12172793
313216
1156713
3901763
1078223
4232948
2563892
2049882
4660992
8327574
9351878
1319236
14881066
2576990
1541573
1296701
3854958
8259871
127651
2810746
4837768
3698071
13733224
9268645
12568324
5407846
5602377
2771276
1343031
2061070
10673858
10127035
8711171
6310385
3912406
4421413
5072728
73285
4541167
4438184
6721920
3955921
15678834
887454
8149315
3293226
11116261
5114899
1014546
4100441
7803898
119105
638368
2140843
2667002
636560
6979007
660177
371845
2121387
101689
8437942
428467
5594743
3578564
2064169
4661571
3088859
478172
1775165
350012
13564163
485742
11615871
3242618
283846
9976160
2159977
3998838
1725325
686083
5017601
13474683
8557208
5680604
49768
3513117
1306592
4555790
1799588
277734
167665
1265061
13254527
1734808
3571081
3602078
742032
4278895
326271
2060419
1998022
325873
2015933
13317925
3310606
10745913
5025485
2795597
10259395
2576820
452964
11233384
8075775
4417208
1704830
5766420
2165727
1031094
6349904
373043
7354796
5567019
2306436
2359326
5823246
1256741
2536608
671977
3369563
2832
19581
1630282
7697017
6620341
5038773
9986009
8710272
1497621
3644677
8908560
1549808
2356478
184908
6074092
2880074
5619904
8238541
8142509
1613835
3504057
5469444
5655035
4911478
1077112
181579
1476249
15030668
2515149
5823564
3747232
4216413
8433392
9385749
2881931
1218121
6795379
5832236
5189797
1714424
2616315
945599
11179716
648904
4945335
1182054
5616907
1936668
7927533
1578426
7594
143781
4277134
10700721
15704546
1892410
28310
971594
317811
8463393
114820
2334537
2297523
6651076
750505
100599
5309476
9597739
2072042
11307697
5992627
543064
5464091
12707815
13867079
7379098
3680812
1149549
346812
9162559
7086076
3377441
44048
3344036
849871
2920357
4883959
3595435
12655509
10585397
3797083
1219933
2453164
2006146
2098325
2513084
87245
3695543
782827
5388397
219657
8060791
1511528
7808835
14687315
4110632
3975503
4416559
4739544
3115255
6962885
1042013
5765210
10472071
4702474
10973
5085568
108622
7694487
1371060
4693717
1619050
5890198
2862003
9234865
13612259
9511825
2851618
190761
903079
3116906
1842247
1460363
489572
12376762
8502215
6859509
1586221
1647347
456341
2945961
11130756
8587208
13031974
2634613
3750880
4035703
1653184
361522
8016806
5096440
637414
2038519
951573
454664
1398185
384192
3756005
4574263
15473940
3159414
8286962
85323
7444967
193360
4028892
3741349
5198516
2299799
17460896
268522
3485869
3794407
1077843
3618546
4339430
5464649
360467
1234966
5187082
3294053
14999904
1568516
672351
9506330
3044352
2521587
8060202
17118609
3081616
5826845
6999044
422451
3841213
1219781
6088119
3271770
9850818
4622886
2144564
1923312
1472583
10457467
9271429
218348
3713768
10233024
2147011
7027106
5041651
235803
5753886
8030299
560806
3522076
6544814
5204029
2370090
6754648
9660687
9547339
8427725
1384285
11281070
14708649
194993
5787374
6937288
15589853
6402845
6842717
159669
5129403
8933605
650582
2276869
17307905
8474312
7042681
3224708
5984718
6269038
178106
13274457
487316
1928670
283916
1897421
4440512
1693619
235834
1089244
3779498
3784050
6521402
1450987
1945456
5488607
7259103
9983102
3303585
2201921
8634315
7489772
2524967
395358
4903383
220547
7944390
839261
3471140
10157188
4764654
886888
509047
11112532
26585
17263098
17640850
4015061
116761
11880119
4241996
3238470
3164947
6313611
12753082
2371662
8415298
7401543
8271624
7178222
531084
233219
2048261
2574640
1727108
1261285
1673720
2638433
6682066
5330403
725057
380127
682398
375745
529372
3145116
8448789
5852286
642411
3729559
3060159
7115748
13169096
12156524
8428460
11790680
2429742
12638269
6355702
405523
7841165
1411516
4190969
2508780
9617955
914159
3016859
4151367
17650316
490411
53468
8950966
786069
37375
826627
12131978
2882138
15016057
4779752
6903162
10595719
4928352
1172963
1681630
4204704
5256050
10524758
3013195
1069723
155906
2899795
893380
2875795
11859590
33715
4511960
1391345
3917048
135969
423702
5032264
8735073
7629644
2096215
1344297
14141120
4945125
463694
3545286
6558738
12386534
5040009
9169464
3349687
15298744
6242518
3375936
5106727
2215604
6292928
3910857
15046924
4818429
3200014
7635685
13093825
1339637
684261
1945772
765485
3871903
12974062
3158539
3818966
378432
7626587
9687563
14024262
330534
3432992
2568783
6280131
4221846
9669980
2770893
3247660
41198
13359590
510199
11509147
3934923
811378
10310038
9000894
3733205
2051174
3528906
4205008
2585326
3647159
3076043
7761639
4257614
3602529
8215580
851468
8311265
5450747
6520699
5181924
2203924
5032756
5425627
6859245
15986120
6650682
1666323
2104546
7249825
312191
6725
13014589
3358473
12147782
2086996
1152366
7451140
15349636
3571700
11950425
8657905
9130227
3259216
5446012
178887
14803446
972502
2670893
2563316
10241310
2648464
456623
1098429
5070901
1311044
14503562
6924093
12965545
5932621
7788819
6391785
3464392
7627366
1468542
7342525
6590223
946844
2066982
58164
11809115
631894
3579394
782291
1426945
8123429
13695695
2190408
4967950
7304709
4369176
1865388
534168
776306
197445
18372668
559896
2262193
663738
395097
3211407
1142841
1089234
92795
364852
4616484
1026318
7530777
7677887
168886
9434325
1132946
2680689
1386781
2829422
4191174
1224872
10034537
863410
42983
1945324
2024825
9989917
43761
11026493
4458456
1180758
2962337
8838713
4785998
4182249
9568867
12029924
5497522
10037470
2644729
816179
1931150
586769
7178532
12201670
6341635
8774981
12816534
468191
12276650
10603131
3986333
2125882
309441
3567214
9743351
17406911
9078914
11195366
4966417
84041
505002
292055
2875814
6273387
248610
5220951
4206
14115539
4634127
761713
6584679
2323854
3601546
6961867
4132258
1779728
447007
2422945
17110722
11964610
2033383
194273
2882623
9223282
7269793
10096577
1376201
1995335
11540319
163723
5242322
11366391
1259000
1077397
837647
483427
12433763
1007866
33940
84056
5379687
61976
3559995
1889503
1989437
351927
1523065
260406
6528433
5258937
6061583
10267117
4218259
4572059
1549352
3470106
5003753
6935340
7348770
4570810
508428
52627
3177167
2819429
865651
5968805
7604140
14534478
302824
6708969
6922202
95341
724139
682556
11681760
16342169
5121426
1943647
57105
1206320
3197744
372709
4911536
3701245
11638655
3588871
1367174
13380430
1563195
6548772
9755229
6710790
4220969
2216738
5559581
2198119
1549297
4837808
90661
15864177
6807249
2421280
1469470
2790872
3622557
800444
11494232
7464936
2599189
4966152
1478379
4820521
4827450
3384308
7436131
8822311
317626
15095081
7381434
7010868
1223504
25894
23640
4860828
189460
1327776
2938429
4917381
2335537
15380947
4091468
9123579
355045
8159999
512787
4593385
232949
8101586
6676170
5864000
932646
970835
186481
5462283
1151709
12008009
3306976
4747463
519340
9579823
10207513
7324860
2771709
3911683
132301
3336132
4573324
319421
2839210
2485760
14876412
8209535
1506199
239604
238407
1696408
728199
6088668
8349824
33761
1804078
5411524
29744
3007456
9981185
6607861
1695531
12910989
6722878
14311060
4914328
9210784
3453199
3667997
211036
1374533
8296355
3191483
24541
1080109
256224
3583901
7702092
2994438
7873005
1065691
11189674
825820
6106682
14459496
3099839
2274776
7539301
18310348
248391
3510404
1385538
1073686
4256165
11557532
1297827
928880
1198984
8325470
9479209
7860417
17234803
2910884
3316053
2098182
1379680
1273189
965374
5249090
9605878
632425
379455
3019977
658
966041
3148828
810570
188358
4950674
8393078
16852473
4554623
128030
3213435
9417672
782982
6953360
11217601
8310552
4791714
757678
6729698
2246103
5611944
13403838
2864361
438885
959573
12176578
4152
4163334
848884
18081697
1398174
6631778
15088746
2441714
12569733
2755352
10282960
1482376
5743192
2040163
9799066
5140812
7510519
1278000
8613878
8072916
6275069
1331100
9446240
3083771
5631937
55241
2912131
15769458
222058
315088
452362
5940083
10512309
3117843
1039551
3243868
5677317
5351174
567758
6444277
6937913
3012892
2316013
6364752
1384074
198052
1949800
3263223
1434142
6882235
963817
2515529
4286837
52579
6263391
303025
3238064
8523485
7353692
323350
98709
808905
1201086
956958
1493075
7297742
104255
13029105
12576673
3654308
6487003
3329442
6969107
3718738
2927377
565178
11041774
9306694
5980171
5562816
7094351
1978730
4752164
442643
3703110
10463318
4920147
6842596
9635567
1794508
4729616
5235598
3584718
3581041
6326111
5948842
2435940
209453
106875
9539681
5719043
4875644
6538241
778524
8395097
1653560
1283091
9501535
4640876
192733
6604379
3681032
241991
5524745
822588
6126589
9714426
2462792
1161765
4247097
15717978
15796
5606682
2406049
5325151
5063295
1014944
3169267
15184528
773312
1824177
874006
3140469
1882741
2164036
10496050
11635556
6558299
3986045
8125113
1814260
192306
1342668
1279452
6276051
1392675
1755017
3291337
8341203
6731421
12640117
2077628
5601259
351391
7318631
8528913
8790448
2036995
3751991
183228
1695612
2317644
2392473
12766632
964898
2428295
12168028
8307094
734749
1702935
999683
6947700
2179014
549493
7139928
2324278
8012339
10150453
3948078
2154299
289539
8782175
3693146
16012849
4233566
4470170
4323211
2433828
2667365
703140
7025672
10916455
99030
1958281
2150010
5915489
606167
1557448
9712331
1472286
7459429
12176570
1216980
6116803
3318330
7673261
3301484
40177
1530030
5489462
5059020
650787
1163638
15949704
969001
1284219
6560963
405888
1314109
5111834
538025
11968055
6574879
3017614
2285528
8358517
1900397
1444240
3613144
530505
1337532
10355471
2108357
5183737
2346988
716428
263647
8837584
759767
5449640
5793054
348017
6547925
3808715
6596065
8512298
789184
4391455
2330193
237046
3486796
3173648
3362560
2933857
5018030
11066668
472284
4167903
9534657
306450
1195079
9536700
4623651
5137469
773719
8451894
5675821
11387095
1949485
13205406
1269727
5379487
294296
6154575
3642277
5176565
554851
7065124
1207185
8869047
7083472
2016444
1851
688331
200008
4327352
8816256
1718871
11331056
683985
132634
6051388
5639248
2076399
2315428
3565933
1354965
4088656
1139365
3200645
9401925
12154536
7825277
2091437
8491398
4894525
2026005
1420595
2911564
2530053
2235558
6204445
64170
418117
576544
11642572
8676730
6439533
6431635
626311
78200
5056961
919873
7253724
6908338
940335
466499
58804
12294917
766852
1352197
14656442
4839325
2371231
1462000
8726407
3141638
405416
81046
3584763
6806654
3421626
13431268
12927559
4620426
10407479
3594740
2845733
2264388
8263225
497611
5782495
6122333
3394712
3306546
3135652
5379779
5722930
5759356
13289703
3219355
652553
1265319
475788
3383418
1241014
151879
1603
491946
428439
1121866
14548530
10926981
12711516
7354262
3361753
7811331
1107078
287562
4643319
11754
4173218
746308
887328
1485201
3166079
5554749
1187925
68077
11940645
6784742
9586910
14044341
4923952
945573
4457048
3101906
3819466
14786168
12668253
4060519
5588066
1987404
7982670
6543096
3729054
3252896
2182153
1022936
5061370
1021894
12898970
344876
1448400
1296826
2032360
2654161
4665764
10501112
4636668
1449300
2305165
8014095
5049667
3734441
7504436
3944204
13108535
4295489
13399644
665376
7363673
2757598
10122878
2886613
219
3605030
13017087
16966698
6090880
7335121
99662
6653615
5526785
2974302
9087814
760553
10716210
2772241
35871
3363377
7664278
5662250
6026577
17728401
4405038
7817988
351526
3025596
16834117
12047092
4078169
13991263
15801604
7136670
4736974
870989
818457
401793
4059006
12026717
6949804
11411168
13734741
142777
6990463
3079972
7654781
592420
13125886
7569755
1644597
9837804
12949685
7102942
1052185
4739087
11596572
109650
8242335
866490
3759026
6191468
7230236
7511023
64985
16158313
1319518
13331294
4724683
6244586
1131570
8981280
1101614
6655
5613246
671264
523770
2083133
2677966
2826053
1119537
2556542
8545760
8029054
3438190
9157669
3180380
2574762
56425
13585983
5065868
3960894
60361
2044601
394357
5932671
12049560
82192
7165864
826734
1705370
8065827
5596122
1821242
6451676
15879598
2917090
581240
3339080
180358
856737
3109408
103982
4556774
7846008
4588590
2282991
2986483
8542937
9577166
3388199
5977710
3975043
5489639
1883260
9197410
4411425
1199341
1984689
163593
14507926
2280839
7241315
2294558
4634539
668093
10237785
5318157
37353
7142220
641751
3558717
5764764
8511047
4634269
923389
443861
9989300
8621167
5354689
1249406
7309151
10439778
3959709
3033270
5793380
4040118
2505115
2246870
671528
4057426
2772861
1274340
1955647
329070
479944
6067705
9837867
4315114
9752108
1865164
9104530
68488
10634364
3020732
2981431
414443
5196103
1732242
1855728
1338498
8916045
2700461
15211122
9180539
7429220
4844507
10645313
148107
399007
17585185
6812256
3815791
2683955
5759457
749656
13207352
12740038
907936
9418381
666423
2664208
6625638
8743446
5511292
1632575
4471804
8239314
5767504
2223838
1980404
1314147
1597122
6374338
5044496
3340038
901710
3426017
1462472
994215
775440
5029879
3025859
8090161
3775848
184192
1426633
7344857
121198
5165122
2654869
4291001
5428197
5660568
4461051
538286
182356
786648
8279009
980323
7472773
281082
4656544
7416026
4922075
3180185
93236
6535891
29304
1683417
2874181
386350
4012769
70494
647169
3500689
4586713
1284529
347593
13984364
5971
2787105
7168931
2382955
1698544
5892023
3226204
4334039
746481
3329547
1607435
1883596
4423883
7310898
679103
11386914
569594
1637568
5038159
935017
597354
6276012
12424023
8721476
457849
504823
289698
3426009
8136230
2495699
7282110
4327331
9242933
2594783
3002096
4067081
3723283
4032968
280711
7224053
7534580
4565423
2510887
5679091
2753301
14548014
20441
248015
7240900
3739934
6883452
715829
2430488
667460
205036
2970057
5502766
1448576
6000794
591667
453775
38242
14123053
8332822
4379664
2105746
14303625
3118068
10090515
16922839
129028
3078190
10564357
1016032
2981256
5486267
6054156
1574188
1744300
111742
4248
6368672
895825
263402
3190452
661555
7581310
2799998
3977796
1628509
12695713
4864346
1340359
618555
8971226
650208
5834459
1874025
1722823
3028226
7709756
15000346
2844785
1293598
9852975
2221194
2531419
2110825
867920
212316
1016047
7799554
5317656
1588294
39363
694975
3070037
14999060
2801859
6470955
81333
343897
4127517
11260188
4895126
7965409
3554443
243527
4503337
227424
2030137
14399623
9895372
3670035
3133033
7315337
7049580
4050
5304065
3079504
781579
6334274
3677939
12134625
636167
2046144
4759019
2097243
12271246
406382
6104049
1031536
16782353
3952064
9014994
7850940
8411311
496742
5595002
10257552
6552924
2552783
6069968
9929573
11149644
804025
12803385
2076338
1661435
8456235
4757661
4238081
10952746
4693671
2985224
9340570
9996836
5789726
654133
1466109
3353322
822020
6866319
110728
529875
3595072
2202497
3533681
11038409
473053
1396060
109353
159647
1853472
1833110
5613973
405839
11592202
1083129
6405399
5030085
5818537
12495997
13824805
488039
6667038
65217
5143557
7308458
10704525
4096822
2590418
548320
432199
1707500
889697
5421970
5325229
8653118
1663466
7366435
108025
2188822
10246133
6943853
9532959
2663071
13168980
2155125
2975981
7663580
55803
13369083
11763213
4904037
3588466
6796685
8542335
9826420
2111234
1276276
1274515
12016497
9934352
3968562
11800321
2683671
6439809
401099
14008795
6336639
8431263
225538
2583679
3887062
4302058
2130490
2671113
14151620
2748662
1389198
1888594
1395633
106676
2656489
7840879
227238
8080539
5944732
9468146
3655076
122161
3452478
665461
228518
11881242
2062882
1159398
8486612
12964503
9898152
749383
1249547
1519970
2498529
2870042
2772379
3272236
870469
1914664
3149894
3579858
371660
4147584
4502379
548128
11676294
15880131
375027
6499147
15264723
1439266
979733
1891219
196665
12060500
4748924
1686021
865741
242899
6052290
998441
3704875
12858045
1249139
12751552
4163133
2183082
4892295
8331946
2045621
885749
562641
4215400
12080386
7444580
3717515
446481
5528793
5767793
7245327
620181
8549835
3619309
513494
2859475
3107114
161256
5018146
174874
3091605
11717737
2338397
5624751
5858460
89207
79580
5083980
2013860
5483261
9203579
1823578
10047286
2032092
1568193
480116
150027
1388201
1666129
1336518
1659733
4667484
230140
3385182
1298365
18471438
10729882
12021046
1093934
7735533
6642609
6986922
1315651
263887
3756343
13757248
678653
4088149
651317
6462269
7173758
1533325
6486148
946342
1137586
14901378
9049990
11999965
4248514
3073690
11855578
3231780
6911925
169181
12988770
3478534
8531897
5142593
7687841
10938004
2405148
6886620
273632
929105
426070
5806147
7107
818518
2623159
5924089
856233
11127039
3474528
4009838
6278200
6833833
100252
862244
12320566
5258429
12364501
6784102
5613194
453285
458319
8060653
2788737
1003136
9315434
40889
904985
896513
2883232
4817243
2345417
687278
5716059
4135434
7710669
6636584
1166939
48187
3664082
6183405
3447902
13129844
12017086
2832935
2568595
13174231
929653
3726213
7980788
7027654
176384
11389040
1510392
5040697
9189027
1221152
4709889
2192471
2999517
6391696
8754982
3859294
995922
6242062
8990
7956579
262671
9749551
274615
3188707
10112592
3878252
4614438
7061844
5234607
4277676
12505354
1641168
1208476
5566970
1491288
350515
4330030
4424689
691967
10885603
814708
9166847
4013000
300708
1526035
5441676
1276565
4243703
10895233
665962
6834172
1629417
28391
5167200
697340
11020598
6502203
504154
16351491
2973814
7607492
4180994
7418374
1014440
3855437
2580191
1888658
1569239
1915883
2681084
9315
4845285
4881654
2709171
9010823
3656525
120417
11364626
3047188
491554
1491760
16140604
3251896
2041001
6460420
6253857
9769515
6486753
5741412
3087225
1869727
13164197
202541
949922
7650365
4100393
10242763
11933449
11908553
5466780
638724
9286
687626
3323383
231989
17523699
1823074
7401414
1288154
1347234
12876092
1669585
2562345
1854597
4016856
6168194
6558128
11103392
8141124
1124311
9435017
4971586
6198647
2716154
10167975
5114982
1814579
2980705
2445011
2315612
1704048
5301701
2067498
1682601
249526
14698867
2970642
289532
5241807
4330361
6346527
14727646
10461673
200615
3853337
10092045
1238098
494261
1397362
1770379
694252
5241206
1314034
7266229
3176548
12569896
2644354
655054
2318211
1503217
10940724
1560034
783894
2692169
2476191
5838129
6191221
867028
1431400
11036053
2490906
8045014
6757759
1945005
1321268
2141725
6037916
1964142
16994378
177839
6589457
2526281
5295540
5958084
555062
2673353
10219688
3176465
980545
305486
4119158
18189740
2145354
5256409
10281252
588574
7026523
4624504
4355774
1115095
2851951
274180
436640
4560327
6554688
4051340
12372933
167546
11182969
4482444
66394
2057210
11456078
4424766
4267560
577232
10187236
1894467
1170892
5718840
1628335
1451528
177288
3122366
91439
3029562
10125360
1498336
1317695
10743742
5300885
206533
5977559
3119411
2354371
3442455
2386665
14418523
1582925
6301474
65994
14097861
1098962
1157420
9376196
2535269
4009222
91022
1955242
6566921
4054197
8171024
14216611
3705507
3596050
9980602
17934233
11376643
141873
5841890
3853627
2934519
9236501
8323407
1493553
6169579
4734900
2391320
5064455
4182124
8329684
16017585
2959375
5792296
660145
7831887
9842549
2579884
1761033
3527488
13404577
8158485
1959559
4583834
885467
2151355
5994232
10097222
453066
5954101
8078012
3865301
9600850
480583
252963
3147483
4613379
3326727
698536
6049480
2413928
5093638
8501838
3439936
4202333
15995318
2400934
5753496
7932238
587827
1652279
74205
10745674
25770
4358929
8545398
55111
12045723
2149353
121253
4928802
10319105
504145
11073792
11967349
4752131
435999
3036041
2231319
219098
8704278
830927
1898742
8522427
160514
8343841
9423765
8477358
503541
11159974
12558968
3207110
243826
4378504
4196612
3740201
11422507
10145267
553880
2621661
1971400
642256
305428
8634910
5935311
7219424
11451140
13702781
1274709
186732
2213655
4915372
373059
9892589
9087284
7804880
3412663
5903137
2507
43554
13348705
11983473
4292450
2294896
9094968
3685844
8115566
4061650
15227536
1514790
289398
5599302
770172
9396407
760928
6812969
817318
44282
1547592
1980910
2759936
1462655
18089394
102589
3536550
699588
8847965
4380493
183615
3084529
1488312
5478866
438489
1724382
9275349
5377231
1761333
777602
999653
1621652
4969662
8075956
11916871
786618
4889932
5869013
248459
3917222
1101278
1716191
2024252
2112672
215012
235714
533024
5010396
4514893
7493668
5440388
28846
11948134
2133825
8692204
6881992
5485203
18276413
1403326
1901491
8201796
2817876
4213770
4730103
905972
3712659
2873333
295045
692624
203184
8961986
7771165
3032805
3002162
1461
557960
4927798
11954170
4815511
1492967
8720278
604601
12745564
1637250
11476701
2744548
10024340
5560406
3846300
3052401
246747
316331
603629
15291218
3908397
2277772
3710561
2827094
7182721
11914855
18244953
422061
6181324
3334526
14224024
1502371
9677983
5347171
1410679
1032327
7099103
4060713
3201630
13331369
6768373
13040736
162546
9213761
7817458
8787513
609007
1709890
3112286
5899446
10046270
2170399
9233450
5669404
4166552
88595
104892
8275806
8091559
11501290
6380700
3266126
5132703
3854824
635935
6095224
12390435
17047807
1748651
1708518
636549
4705177
10350587
271382
2287346
2155470
11881295
11886353
2945378
383698
3440099
3993343
8967320
239130
11768582
945488
2692227
5552947
2789032
12823106
5167416
1626725
4055866
1354313
34221
524511
70384
3628104
3180237
4912603
13094896
51747
9544210
13366802
11785933
5787864
13778593
9120505
762277
9960338
4030631
6019870
318014
1268523
3920750
3721011
4271610
6358299
1983146
4273088
2973933
3921232
11825484
1547545
3180106
1475507
1957260
14551201
4647094
2122166
6542374
203215
7380163
8405015
1251422
5522750
7598747
4243422
103007
1909744
1955463
7939955
5891239
3474803
5787095
210930
15068545
3442826
3138929
1552808
2974373
1844890
5400515
15288662
11348775
1790227
10710323
1746859
1243847
5562034
17067937
2492285
2697615
7174929
1101228
1688491
599566
2409493
670799
13002639
5854044
4768411
1548993
1486005
12325928
799714
6181462
7378067
7718632
10774096
4730048
12016502
582185
3216615
13280
8695439
2164223
4741072
10400
4039206
3925394
362430
12819961
3696380
576893
3326189
95078
1234820
1644463
2140237
2140369
1184562
6469627
12270681
14728130
4171542
8230726
5098612
395348
3122546
2840732
4026489
1212343
4797890
7570888
2999216
41886
1351707
5179224
5023376
2562636
8205279
10594280
923701
4432599
17931
3356073
14253149
6299569
1876221
78961
4284782
12767385
12587523
6330033
10169939
6298651
2779362
3462431
453776
12003255
3511690
5269904
9276627
79880
903119
18322456
4118451
987660
1405413
2727630
8256490
6965476
5575543
2844713
7224666
2010592
2409777
2791127
7718693
3927326
10247602
6675109
505865
3966496
3344640
4642402
592582
2460669
4754639
13753134
2974181
5259716
6782026
6932609
215702
445385
2013799
598464
544458
349528
6268729
58727
3694864
12036489
10770849
16764937
283559
14093781
2302523
3666846
10702695
1282419
214148
825728
4946757
2223866
11446887
1660133
2471716
2067129
10045201
5480440
2854536
151612
4907206
3210597
6408617
705639
309450
77512
265027
3408945
3824512
396179
3299257
368049
2904928
9708760
10313452
3746863
2697274
215692
3528974
1561596
7671668
203296
3869328
17551767
2753044
16188263
6646748
735602
6514148
12966370
3349979
11756143
12608834
445099
2662590
1705095
1851300
4260164
1668059
2957974
1160165
1778603
5355976
3633272
6223551
1541577
5085951
206822
4019355
3247481
5972942
13323086
981663
6688976
5306302
5005441
468619
10545512
6431250
745173
10142025
1497596
8528974
48212
6085825
1866684
13257195
1916339
834508
7674783
593696
7089813
8199232
2153800
6509470
7607559
10047772
4285479
2234515
6685791
1825056
1452675
275
7130463
1142344
2983660
13338387
4765719
9914984
5059278
7895673
4045311
1280827
67559
10017866
818959
1001046
5115908
919897
10308729
2303280
5273732
1478447
411120
7661746
7842856
12651153
8062528
3104531
1995161
3791008
641438
6724543
8023997
5270580
4363149
4487840
1808287
834277
11868694
10964199
3787262
6452100
790350
6482944
2249148
498789
8827821
5477405
152883
3409150
5627518
863665
1641721
1255683
512229
6493613
3592652
3228714
8430569
7499681
2842150
13230117
8044597
1419718
6569338
9924840
257639
6566870
4274104
1124434
32578
11739943
984441
1422047
3179251
743530
10502614
16155489
91208
2154874
6113749
10974504
11830210
1470732
3652609
2177029
79650
6975501
6680145
12259431
1215506
15297372
4400515
57733
3871069
6615385
329097
3433737
16521340
7173963
235368
3634288
1481594
13722937
6263380
9024867
2079289
6099118
5396449
4103493
3674995
2759597
14103928
1549732
11080969
4728027
933501
2803711
5723504
1519162
4007619
7827728
6409689
76019
3412078
6942837
1593948
2051583
8234022
155701
2495986
519157
11668889
3641241
952595
1258667
620064
14057967
8059160
3123623
519678
8274047
150119
968901
7821627
4071163
6028553
9324835
3821455
1079268
10005641
14573708
2316370
7614336
610679
4132117
3330514
1977419
805293
4514733
316933
219152
1157001
5302259
1831336
1904631
4176897
3964423
14076791
6426657
11227599
2336141
2953514
6673498
839871
719486
15940159
445032
7349981
918689
9532517
125914
6585534
1390471
2929342
248976
3742352
3839334
866809
8642207
34790
4665006
9286146
47834
1233844
5173339
330641
10136460
10220635
584488
5130960
6547001
7980254
8713295
1190099
2189813
13735393
10290296
4033027
5739003
1684626
1620129
4236627
6413893
331835
5377334
11328622
14400650
6573407
13457210
12344836
5150953
7167645
14247448
3614642
1574224
8603951
1994049
161572
12817934
7637926
2269739
5210114
1033174
2551968
10395458
9433837
830864
3743664
628771
1439741
6147979
6444410
560591
136297
14281898
270492
3239624
7144145
9230626
6331444
458044
3155706
6547220
2030532
3072419
3770252
1814593
4478135
8249310
11920492
3900087
4302152
2611072
5385306
6225332
2405699
6886186
6801131
1590680
4859055
15469887
7638869
3563519
450076
467871
1036212
1323305
6549137
5007214
6186035
5678445
7001037
2147206
2662523
682360
214288
2705486
4338115
11709500
4102841
1706797
232888
4600912
147146
2108573
5121152
2031173
1108922
14212092
11307372
667514
13720358
11913912
4126568
326566
6020018
1495234
2019528
8128493
4157750
1349024
7871555
6189276
217085
4673336
294299
5649389
976892
1140945
1043739
3413180
174266
3995149
11490375
1947592
8361645
4212816
8278123
2593262
6960697
2265064
7561696
15019348
1295635
2797738
1114548
9941029
5234431
67362
105721
942228
3235348
5145093
9284897
1594858
16689034
14328780
1590742
8335610
3120874
11815262
4742649
1085018
7498035
9109971
647924
89856
11600883
12966486
1002043
3866128
7046465
8371645
6494220
6124009
535618
12098071
2913661
562240
2613449
13515047
5107404
3830409
9565631
10958167
3730888
2741353
2020613
3854729
4297156
147169
6609701
13780313
5841073
5338477
2829339
9711126
2376014
1825063
2508723
12615700
1964646
5397604
12369673
415729
10103957
1694255
239702
11448270
282239
16944877
1636026
899159
8380887
5196351
7225973
2434712
2879924
935352
3475364
1494264
2072405
369406
9922172
8497822
6295749
11357031
87598
10157466
5319320
2775543
1499667
3212016
3299930
9856942
3019655
4506187
558563
1722270
8518631
15193623
10737994
10181160
6694694
16139099
414349
8793190
824946
3856024
607749
8611060
12067951
6733360
33739
9329643
16338520
4569049
7900454
10156766
330
382290
11997939
5613979
1367408
5407699
200046
4047945
12366915
1112326
7730981
9937423
247140
2625720
735745
3855193
3528544
3100167
1772159
1523189
1007546
18048329
2315169
4682181
5933213
3492110
2548271
502866
11038378
1013166
2719921
8896513
4611673
2407367
10548082
4227872
849826
2414469
10567831
52665
4627946
3673067
393178
13131356
5592180
1998944
7649741
7607
81522
11908180
894355
7918197
5020538
768282
1194924
1344893
1908863
11559230
4576571
15779738
5950709
2390722
2645016
2942828
5084629
6582418
1121234
40915
4488944
10868425
5410162
7770591
562902
3117532
10146844
625733
9323078
8890398
1853738
6903753
4123533
2037263
5609437
1874211
8382582
1513234
304067
2581843
2556862
16588060
1692746
12146391
1524814
1700187
9717884
484391
11472126
8659713
962910
5071740
222170
1923751
12010329
169519
1156254
2028422
1278043
12449080
1671235
5299076
1111344
1771440
613949
2882759
5419829
26190
913540
766144
9779572
65507
2116882
2220849
3281736
10680874
5419171
3562728
419942
11201360
3892429
447521
6637832
11539760
8455429
3152345
1132011
3720685
3905048
333896
1587264
7436619
3213842
8622062
579434
2478975
3803733
7651367
892106
11396595
4338252
1779618
9510263
292208
4536926
1455642
4244936
5471629
4395575
2464298
7947461
225879
6095704
2980724
3994230
5152676
11603530
1537501
3115175
4461037
5385352
5546576
4810440
1274706
14556464
1760071
1526966
2747918
12655288
7932929
3066906
7059169
979861
8823163
284661
5338012
7534197
12379685
2576484
1870057
11179279
10103542
10934848
2509498
7443944
2744504
3083196
381037
3749697
372250
4092259
1742329
516419
285163
801536
1308733
16090215
17346
5466521
1509620
212250
2145672
3622121
1502643
536123
10507660
953975
11346017
15796969
5053163
98426
1717983
12701185
5888134
2430735
437681
1435895
1530906
7190622
1122707
2133213
1687946
8583523
911560
10854990
4210135
5562675
8339629
2606943
15339044
7642190
3339996
2519654
3366792
9298491
10829942
71214
10936848
138473
6354336
1557489
9785217
3970591
14807438
7487073
3313881
4253766
7659118
6377000
2587187
7838135
4532335
614748
1980542
8705448
9259901
12717382
1519787
1691813
5345925
4633972
2830285
274106
7671988
1258061
714312
1073013
3485527
3151285
2165789
6908455
16784069
7960861
3062864
6931239
13426521
204
8569
9539
4369655
10258682
12974074
2563680
1016638
13878713
2406528
485931
3910331
16564799
918464
2557270
5724315
6687742
1481399
6250298
724366
5206915
8019647
2819419
6626172
5265452
773521
871053
1106580
5359133
2209059
13985567
591770
4208658
4693285
1143568
9156130
6095303
7207893
15471044
5279782
678433
4805040
1400319
16981107
1129556
8644387
1720433
12098109
12708592
4303478
1383730
812159
8364982
1671449
7652126
5960022
13347329
545416
684016
797208
1040871
7888851
13639848
4823864
5064949
1395227
7852875
1470222
1644010
7316519
2347676
1462655
12408097
6714194
12142700
10941544
782195
7875476
165652
7937628
8396544
2059293
8124185
127026
3962574
3336771
5240219
8238251
13600392
2081959
6895515
7759082
10501177
2073503
2873973
7962228
10243546
5107853
3697164
453200
4149195
1495862
4784437
679207
6829513
2082308
3138385
16331281
1246035
583265
1263108
1541775
9689873
4786826
3888720
4939613
2065334
10039053
7222252
371869
15586963
2381661
7887779
5775636
1009969
1966730
499665
10718900
9089264
7895286
8109396
3970590
1951419
3849097
3861413
320766
5525271
13573331
14194247
1290817
4868165
614879
7541730
1514746
5228467
4615594
4641636
16331582
386433
1932416
52649
220018
15143769
4055879
13790770
2659845
3452144
4917555
171958
7465082
5301642
1261743
233992
3878927
6957497
11068698
521980
13289283
1574014
11888656
2919159
12019669
9656019
220994
951740
67473
2649580
8810797
3572766
4788753
4645823
2325607
10304681
10551709
6380803
11760899
187496
4057107
4945651
688134
5551077
1055699
6844509
7876859
658719
173963
777006
1769569
1624835
1379406
1524398
9438668
3588692
2720650
202754
428405
10275914
8666854
1216058
3803925
10689189
5691013
12618005
12347964
997255
146457
841218
11630416
4547843
3257003
304944
4941283
1347864
4906500
165025
2450321
4525604
589297
7247157
15557719
3365459
3759305
8655895
2995336
7060024
3029643
1034212
4680945
741696
2164615
2422204
7411217
14880478
2889495
7205350
3372370
5242289
11833505
205193
1622730
3687160
1294289
165130
6956522
1377192
8056454
8292214
1337073
1672720
4867425
12049056
215793
165041
6496032
2319580
179144
3642446
4726129
3341956
10853142
1762096
11815700
2617635
2594771
27085
258118
1359207
9909775
7330260
82700
2878358
756564
9416263
5262571
775603
1227176
1781678
490516
12904090
246917
1852393
1073840
7815782
4788047
980360
2273012
1747971
1060834
1922258
5786429
5796466
5701580
6210252
1265025
1182613
8867748
2210282
215704
6760386
457271
6599844
2896845
4702365
6485400
318311
3440906
7086992
4444072
985440
756459
12912677
1780904
7981454
2615265
8990990
6030832
6224765
8510208
1934580
6745780
7715431
27164
12233833
476468
95510
1930758
1875296
577404
1573497
2825480
6910481
13580820
2396758
2489603
8654963
13280555
1703688
1401998
2166898
276750
6083686
325906
15502525
15871565
2656640
6227105
7835813
715198
3375413
4113433
1627208
4646496
2574143
598397
4746869
3975311
3290585
7771511
1484224
2927855
14710490
12956541
8136866
2432885
5630390
1726292
6243373
6300910
158386
5558606
8640231
8327899
9119
671113
1028731
3852581
11190290
5869387
16080352
13909234
6338468
4831279
5735234
7621820
17568900
1651839
3224071
3092476
4841252
13981146
898325
3493744
3130156
13645688
6812162
1036446
5293269
5218667
2019567
2437748
2780007
9538928
5407008
1997203
3031574
2615492
2935167
1572397
6415858
4080441
18253
3609628
1999541
5067606
8765786
3866156
8802513
16846378
2287959
1998832
555153
2101138
6542663
4952147
5980166
392687
304446
2595956
264038
255444
3038671
2758587
9698037
3063207
1239056
10029297
6598399
3845144
2720571
8642090
326684
4201264
3693671
3682022
817246
2902184
3247516
5832275
15848278
3128452
1168323
1546341
8286344
618400
4693363
599857
2807992
2285705
6389332
4658396
6810393
6821113
8026002
12471338
3367224
249210
13780417
79034
1733264
4366185
14813310
6995662
6180627
5322219
2623559
5836068
4704789
357468
2857612
5383170
4975754
710887
2950176
4409978
2229867
2747998
777472
1984260
5071916
508192
10512280
3772852
7092020
10248102
5607125
2065109
1060799
13472652
1837715
3350346
734568
458351
3906246
7772182
14365
2146687
7506227
3116349
8767818
117424
2398491
1963541
7308177
4121022
6603507
2942998
11579582
3860509
3272173
9920102
1520250
477321
1047751
8209605
1614147
1446852
12041969
901826
7189496
4984303
2345698
3747560
2969555
10647503
2200944
6865554
4451572
9663157
7931153
9949938
3407334
7507187
7658007
3385615
6490205
178739
639429
227759
640246
3998138
8073646
14669244
1878341
9531041
2041656
1669658
585383
2340848
4241899
9236257
11469273
11133973
944728
1067908
3965011
202078
5774301
1377041
92470
2206823
3585078
129682
1485476
6003922
10724155
4386464
1532129
9098083
9962264
6501107
9195759
153400
3532897
1456060
3278730
52116
3681121
2839294
10539068
1414510
2575714
5454590
437819
3060870
6354721
1025226
3272929
13588
2912384
5477680
5218189
113061
3377044
7200961
254280
334636
3292555
1140808
4588512
1988403
1413563
2111804
5632748
10483264
4635527
514176
29690
6997822
2872393
3968404
423524
848153
3447916
4186026
2870967
1866251
1779418
8164464
6672715
4345423
5677482
4578806
120301
3730348
2242403
753845
2665728
3120247
10430321
10866658
4154198
3730550
4517497
6728069
6717523
2804695
540029
2954353
1465259
7313897
14269142
4917109
918130
5977363
1869369
7195792
7991542
4697856
4481018
3879377
5750501
4047810
111197
338825
4018951
10280025
8808679
3094789
1128088
2891348
11058566
862215
454601
3725246
458411
1403259
7015257
13231213
7892
8265516
1110370
668687
7631268
7008370
4035267
2350100
1785225
4863116
6428350
7613533
10848081
3070712
1123967
7402725
3042107
7627190
1215963
4998278
1529214
10313597
2741612
101576
5895076
11434976
11549935
12404558
2733365
13954676
2598633
360658
4245612
360258
849690
3478514
11780390
3258403
1851594
233117
10737583
8258958
2541452
7453058
5287302
9411750
337657
4719163
5239632
7853760
1498444
1698395
5199212
1943709
295102
1916269
2595854
13456468
915383
682006
2240830
2454604
11530020
1239083
8535368
5009818
3105083
2114220
1565668
1328608
608653
8927024
2069077
1641400
4864414
825561
10042046
12908250
9637471
10385236
33375
1047000
11825474
3917362
8656
15333922
6535208
3333422
1766545
651011
2880380
9091206
2417880
8316798
13338550
2730440
592137
5267484
4054318
863062
1209574
4205154
15261844
1636020
6697764
4531463
1538663
1725155
8281011
10002045
3434864
301800
3165717
2433015
140634
887882
4741181
6362896
175753
596375
3238155
824900
3295621
2566609
11327119
5739183
2021568
5914344
6511183
4833129
5644
534442
8766787
7001504
12004584
5658993
12050752
2175306
9208411
1394281
14409466
7724552
5667200
7150746
47196
2402128
2026906
1707010
12092763
11581399
18670
1516133
1093981
810444
392389
52778
378229
1924478
3127398
11731631
1935752
8713195
601736
597520
13305184
267191
3738731
5437794
671906
3804842
227120
11312316
7396718
2020347
3679410
11101067
7599643
2074205
1251119
11607403
12186177
799350
6301912
7950064
3318367
9561461
5121161
3296857
7710790
8771367
114796
1528880
3216587
978575
41310
80737
2571875
1111783
9802384
759496
10591574
71834
4933181
2824680
8395015
6508695
6225635
9349319
2386778
15242628
1232968
9889909
8255992
8371747
15556758
10126407
8234919
1118699
2351713
9581018
1232067
6146246
9285208
4776153
12301481
1287777
2077059
281163
6421936
13383441
262591
2141702
2575069
37631
3206064
3379173
17294144
2215072
5305329
5941586
2598339
17699567
611146
2478839
7594445
970551
5545446
2231153
5603767
799318
1167873
12392403
1875780
1392680
10553032
2016135
1647628
10463327
4576514
215308
6056835
10143172
141031
1413702
2918727
5170690
9056432
4628215
2093660
7731081
2438917
1641462
10157845
6577780
7268885
4903293
5662963
7904655
5661925
84375
13511541
7865228
5142057
364110
5105938
5748236
225282
652545
1974356
4658445
1141820
2892362
2144706
3735362
4726
5065319
576058
702588
512735
12462659
3645125
12417888
15590958
5037515
10606650
6455982
446163
476577
8270528
4786279
3785697
16706245
276030
726389
456257
727069
1959859
15551241
6525438
345309
494045
6934430
8805354
1388493
11711201
1154715
3215794
10924840
3118408
2664282
11144329
330558
12325789
29985
6419247
4239440
2002548
7480168
6688976
12595718
5491212
13535687
546201
9144307
659062
5615989
3636591
1070835
4813795
44299
4342180
9703153
384085
5996314
1201328
291935
3272285
4285056
13831492
8184800
9590994
9365550
3128911
595915
9772466
147968
4162611
9308281
278622
4976313
4592168
5184778
3793274
71474
11485871
1660125
495558
797672
1186974
7285046
179771
14897817
12297137
2006739
1182365
11392934
1503616
7986125
13708644
1368264
1332044
231440
8397287
5854653
351758
793781
2361678
3430843
815836
6352678
4372054
3946883
8009277
1565650
2923020
14448221
8292498
2762925
220161
3058230
9491640
3532317
8627806
6120255
9687205
11886224
1274600
2563091
159843
9397264
2219815
2489061
3636201
3709725
339863
11970786
14346986
797414
10544846
907511
1140953
2017042
724957
1675724
3508049
7358134
14757501
3386840
5508620
10873817
3922105
16063740
10000525
5017526
3292409
13023610
2324678
1643449
8109023
1381567
9225628
2180290
5074376
8362650
996466
7133593
2311715
4736680
8979985
3397079
1298070
8259580
1328583
1431467
6222414
10066586
441468
55998
3628085
7546597
933812
384851
3817517
270714
5139857
14873975
1663821
934495
2944344
2690116
11408739
971899
2199101
2271142
10071411
2035270
10155252
47204
286935
10151935
8761046
9847422
3413970
5347495
11643475
7962244
248271
1895330
9379248
7184367
9965626
8374349
1342321
6278886
830597
2891815
1651480
323942
503396
3871717
3985187
964046
1093963
9533944
11928911
2032557
7207914
4737285
12164702
8034952
1077694
2167994
1784074
1679434
8569698
3897494
1679116
62857
6533803
34798
4247802
10406462
16023057
4758204
152053
3207630
5816744
9831845
1334371
666619
3258357
13087477
2854226
13119128
1935200
8539390
1818986
818773
1211123
1951225
11432301
1249387
4812482
11530061
2029338
4297015
3569727
9600734
380958
16876268
5649434
12633966
5551222
7209954
10543873
4006948
11850671
1496519
3405448
7133133
451022
321234
4375151
553974
4123671
12857083
6515706
4170835
43118
4534634
1485570
426371
3533454
8403894
177444
2541087
7524481
1972806
3491839
12793909
5955085
1243269
745479
482069
316789
2004569
9242756
2185605
6397781
6218039
14170257
6478210
636708
5109424
1646274
95199
734270
3566652
4940835
10849584
3353975
2060875
2487585
1907587
4794214
4803705
10802989
6167043
7838590
2836565
2612696
1098197
7309756
685849
100560
4681
3623131
3089255
6091132
9226548
997330
5040352
6761874
717290
849681
5837864
11082322
7691222
584003
3945729
2143146
6669127
5675018
1737572
1590391
3783837
2437125
3701097
4134616
7232842
23678
1040533
1134197
10239169
2314047
10581595
1813110
219581
8033402
5284175
8229657
4302976
11018872
122708
2670228
5917399
5959704
3998607
13616082
5045427
8224758
10935119
4385089
526129
2258309
5208795
3195215
555208
11196180
6406615
16494221
2599903
4330786
742186
429431
330669
2945307
4759931
5550541
9581143
9786484
2020684
8726517
6137299
5978743
4088707
1372900
2265195
45148
8522626
5969805
7673185
2754678
5023100
5664438
3100994
861681
4469590
5859357
12619653
7673901
12746596
2540688
10215772
4726460
6260078
6390702
2961662
919927
7378801
7787456
10413421
809968
136080
2473559
2709950
566706
9958895
179179
5264512
11616778
715938
3776055
2935541
1844311
458371
5488951
1981380
6354121
6806860
2689045
710732
2020388
794472
1633602
12858026
3942346
5089518
688589
4306648
10853919
9325811
2668607
1889389
4726085
1624671
448487
1419297
7975742
8535019
79345
5626127
1903507
1697516
5765498
691373
6683712
5830272
8830368
2435389
5090790
10573032
1173103
4130983
1509782
4041679
4304886
2191180
5777868
11252660
11364675
2646826
3546776
7475402
7413042
10665834
4915806
14961876
5067374
3932640
1166410
4412875
1138183
2478892
7588747
2432923
105973
4824317
180948
578520
3168641
14979543
2448909
1118024
3201610
1246294
1922046
1458235
4507489
920636
15731129
2668304
3784059
11258840
1941135
1980987
1001857
8142674
6106405
1266925
335522
4298236
3865109
7451174
5966961
54307
323174
14994836
297494
5026029
9802245
6356920
2930724
1746922
2631547
5738504
2669623
766382
5355972
10892729
1036286
975899
2187752
5658271
9487354
6447454
1145098
1406286
8692263
2092332
141161
1368222
201164
6257351
85491
3801489
1227351
1190272
1127614
2664028
4682497
844032
3117076
2186620
2165970
617741
1924003
7314951
1744659
323804
12767127
5884270
5762221
7988504
8539947
213875
2445808
4233746
8243444
251503
1070454
6477770
1643865
3960924
2138735
1287054
1600264
4235161
2759958
6660800
1069181
1485662
4854692
6295983
3372411
6555381
5849403
3181120
4719219
2092762
2001461
5123515
586475
16460954
7056811
1710781
113744
7389378
6559182
1429739
5586513
9310462
4242566
2582198
14679299
11358069
2250569
2654518
2226713
7288737
5119151
346648
13001873
24944
11817096
1098599
7552574
16612857
2910332
3169080
5632665
6148209
9303339
2497779
358041
397962
2398373
1658054
629491
7104283
1240884
82826
9045701
16218729
1301040
457897
4506007
2478336
1591957
1970450
844661
1002466
2482884
5624634
2339194
8312087
13429260
2118756
9030234
216737
7040669
3025283
3293610
6277147
16985779
8713700
5454411
6542780
15362800
2618955
4073641
11789783
1725151
2534852
7770701
8139005
5746751
15061568
1284670
296990
1316790
55132
13179060
3482998
4050345
1519615
10905884
1451976
6799340
8874832
13291513
10059927
7366798
2687859
9195141
1804623
5350022
3861458
9055182
6422373
2010137
2787511
383064
4776187
6583543
146194
3141872
3401582
7994814
1954755
3908169
6400846
1794788
6925973
653131
2097684
8448177
3876958
659362
4856729
285943
4535316
1859123
10349594
15131563
1595830
1249540
11218101
7878557
8887673
10992677
845699
5697439
6670284
691229
6316885
13416182
240826
1725188
525806
4898276
7549698
409792
5264277
9194187
7288421
4657457
1957343
105728
4729941
766371
11286582
7983444
1014671
82662
9756822
426641
164220
3494905
204575
3083740
10646302
8229340
4040738
2668737
5877409
4741077
3858944
1133281
5297226
1686380
155103
225301
1409353
9589862
1994591
8495211
4066642
71234
17935
2195151
14618370
955108
641996
1946313
13127908
937206
8329232
10607564
1346460
8087091
3521304
7976230
620387
882033
4937701
2695179
1982745
1655989
2990117
477461
5846104
275155
6087969
1214043
9638456
8958034
6851132
185795
5089966
6445562
3103593
9358617
728015
6028820
5277943
6566438
482518
6665398
839825
5714004
1679697
1187691
1972418
3053163
1098371
2483625
9634754
2076217
3247741
1596736
11923016
2573914
225956
2553475
9193514
826999
5146561
1282889
10168811
8391997
2365408
7163962
10383564
243045
3764034
5846317
430673
74849
1408548
3105521
1201462
902947
2402650
11508470
1454597
2202894
4982696
14632819
44644
11320271
1582939
2235799
3589567
2519303
2869292
8593447
13302467
4422257
4483893
1441040
4491514
85567
2074610
1618500
5959005
1394464
5855738
1118797
2095508
1241569
9959096
16622793
7483704
468874
448625
11209195
1724986
631603
456165
226346
13614672
3240577
7612856
3208025
2486299
4495263
11273741
805596
1131337
821395
16065242
5732750
987488
5861767
491958
8616213
2709735
7344360
1852373
564268
322872
4420619
1181318
5306607
3353404
421310
5196539
14256014
7660182
8069806
10671621
1431678
553191
3519203
7102924
1219804
6572689
4962217
643248
964179
5151460
6621760
3925364
3736395
10383395
656029
13635773
2710779
1118381
141184
3705897
2434310
4876265
6989740
3950165
813065
242273
10736460
1201369
6300442
216257
8594079
15129250
843370
1548689
5423926
4479067
1896266
2318992
8867718
7606422
8128492
3402288
2201614
9139775
3661281
2652164
10181580
3670990
531392
10103547
7634411
4619573
14111929
147273
1667036
14135792
2493222
4573027
7484762
3227954
8658577
6226303
12385759
16235719
534498
1749482
7235440
8859894
10551546
2189100
6705359
2145674
1299542
886848
2894397
2599197
1480668
3439300
13888620
1515370
922537
4799521
4818687
5677905
6366749
2091679
1101543
3224887
9636439
2282202
9335844
561671
4896637
1767863
6536987
122687
4162
1899025
362709
1153234
4592046
13041105
4040781
1631543
339276
3674921
1392137
2813201
6699430
3187513
12968466
8171137
792019
7085864
13140469
2845548
6908444
3599957
1159332
3387867
191479
146379
5880350
1039551
3200958
13596906
865904
16425910
397006
14189545
9350958
784616
378671
14849376
5718956
9872515
7947097
1517772
7052771
751517
2878664
4026454
5340630
8182247
1443466
7221206
4500454
4588976
5658838
984428
3732042
5083039
3455
3554367
828254
3469064
8897532
6100524
10627982
2846
1376041
4205622
4547414
596506
491471
2315479
10820993
2192932
10737
1316389
488676
8034230
11573922
2146724
2562576
589686
4705717
9139269
4892670
11842976
11851360
5094033
954264
2899707
4742475
1977707
508812
8527406
8189966
694677
11493881
1383146
9794528
3060623
6405199
1786828
841742
12461879
15158710
546951
1202709
1355392
3360223
14540102
21770
3398602
2832
2663927
16775471
175278
13198766
304689
6451054
5000806
806784
8237
10915648
1717771
7622539
9520102
15122861
1577575
1187817
1914591
4734787
1036264
11897020
1236762
2238498
1968765
12153727
2694571
11834759
4117245
341706
287786
4838148
3220
42216
1848991
8576493
4182365
2664260
3267473
1027203
2093227
2185348
5377399
2567647
483118
1361963
6432192
13142909
2446485
2806489
7436536
10099449
3302948
3014530
59449
3579983
1072388
1609266
860630
4596862
13601610
3463947
3880758
12851274
6855584
538602
8219955
5156936
9467519
5586338
2626767
7875885
3908761
788480
2230017
7057241
1214008
5137412
225312
11644210
5465856
14033725
641414
1449535
3642101
4388336
6964615
2850887
2488922
13873362
4045878
4142990
3262755
3280896
4339589
10868479
12892966
3424867
1221539
2551326
15532882
7694576
8115015
7872682
11575409
5239434
4443407
5635089
11521565
1521914
10997045
1534467
7189742
1739192
42747
8560901
1621907
15268503
4688750
8167894
1402058
14777290
2628891
3161382
1760319
6849249
259874
7513756
8898255
1439857
4745515
3818
1432197
7002975
246674
2998554
7329773
2073823
10094179
6603341
4540291
1994497
1307893
3606014
2465516
11732707
109159
6277707
549639
12300054
4852419
8061373
6776187
2187908
1562501
15249321
2638831
7694393
6440578
775360
229253
533010
1307173
7281531
9661269
578803
6053891
10250145
5313354
4921695
426402
7661768
1085327
2078660
5995685
4722351
3610057
458937
5252613
2161566
6605938
1700145
1295509
4040718
94496
789421
33154
3928134
18633
7251627
8774264
3290779
5544175
7768
476973
624582
4573228
2180351
10135711
337174
1567149
444816
17462
3066496
6570102
3749361
13921644
9199590
5779677
438331
644292
55226
2675074
4437374
589111
1489842
787822
4438626
3002744
369229
820953
4540960
16174261
6983638
1074176
12843090
2380265
7665107
6884559
3564235
161413
8614000
8655233
7731250
429131
1242006
6085464
7388525
762438
102613
1920357
354570
8821880
1817800
7168972
4020290
2107999
12361232
9410016
195006
6404820
2786691
6715575
4485186
9740665
5342717
6009892
7480731
4642691
430026
3437670
3102481
2016131
173874
10376140
6377461
1306921
319631
7636330
6538623
4725756
2909062
1189208
5458617
1486203
5597011
3191039
14082683
101795
139526
12487028
3187715
1392064
5356781
1943776
277797
10040953
2144076
6836717
2396798
1297129
3356404
133519
4566603
5039744
606438
3197731
163424
3151257
1556176
5530176
5428177
8488276
12102593
4872931
11309880
4940626
1113247
5647833
6001138
7374058
3948757
2602448
3880371
6759015
12609962
8827897
9784701
3611250
9606163
15789444
5728815
5914780
534529
565546
14945733
12258610
7067874
1830319
1913807
9854544
8915288
236138
5152638
1308724
5598591
12756652
1912266
6132777
8916248
4228088
39055
5643589
49213
3593619
12732437
481393
2434704
23862
2319846
5649573
1130284
3114427
2344335
7114895
318293
1783934
5704979
1579905
7070584
4320706
12086338
3233479
7875681
4981701
5090095
13172910
2174721
846964
4400238
7123453
418485
700905
1491231
925278
555604
429909
13067174
6402462
3488115
5887074
17505170
6038408
2155372
6369582
2079096
14848518
364864
4424497
8131178
1805435
8134137
14036313
491962
162739
627626
8359225
4955584
3629158
14556962
1164594
111338
5449658
7685463
15704345
8562083
11816025
10743932
6535465
6619946
2261528
2523925
1395171
219400
733348
11385760
6336357
2192584
10158670
5896763
6499732
7578400
7000269
3848632
11294083
63142
9307186
4623127
11278942
1316974
7224284
2335669
1322309
11413999
9282253
2564059
12129606
9696827
2574924
1341860
2529335
7601305
5467532
9832269
3152991
13444746
4651374
1105229
400998
2546763
9407690
8988053
2812769
400367
1058461
732947
8146531
4549995
14636777
1105609
327540
77030
23028
2438723
10471028
6287488
500507
9430970
5166183
3571725
12639142
1634418
9939493
11252191
114060
8910522
8786317
6171702
5757821
15374716
1033781
1000704
18606379
1130509
6168543
667491
1951495
7805116
6468625
12212844
511707
2590924
3487486
9200780
4328074
9347507
12517199
1188705
850221
347242
2464429
115191
6714753
5889850
12923859
4936622
2040322
9375772
378839
466172
9329720
4671891
3361488
6211233
1282832
169132
3370587
7289466
3599458
1888621
4021564
9996890
7713576
2573991
10958354
9584828
13508415
4943029
31694
2577870
1249611
1062620
3939695
1776414
3266132
16265066
2369735
6264998
312376
13847169
3444682
6114184
11878001
6785770
586109
5694406
3817809
7182698
840060
3103220
4638188
1406234
12655542
13159300
8726481
9912256
7204973
5794455
12036422
1625420
5360860
9052829
1948647
4061163
422308
11775335
1776028
5887305
1486236
4674833
1740243
3098423
268504
2553864
5251102
14067131
12536964
5025881
902366
11543131
8953025
2081419
2392569
6477539
1526065
7068376
11277093
2010781
1602897
2489824
12017073
1931530
3703510
7775485
3710884
6938860
2739023
8464695
10562449
722661
11036206
548430
544351
1634410
15316798
817315
13616743
3855434
7649165
6166984
3978421
1189311
434710
15590516
3396245
15753926
3603895
1742722
2558100
13548566
9313401
1029536
1117177
851642
5459598
3037643
2046647
1259
148670
8352076
4981940
673322
13902840
13307617
3495475
1906867
1449778
2654297
4886125
284013
1948693
9433854
3453906
2314816
8196001
2620990
3908504
1185885
1846503
1349772
16610698
3842553
2817083
28370
3195198
1729521
4397805
11831494
6961897
12930986
9627759
1662683
9749235
8861974
16254
9249916
6837500
2281528
164619
8984819
1942921
3260751
7573374
15794630
2684208
2437716
7727052
2175567
2086866
1144114
7481829
4013465
15996766
13503295
125762
13315356
6644413
91375
3130768
2720435
8260639
865781
1301277
3373120
9248968
1316050
739113
10807414
2790446
15014879
1303873
3603675
1332557
2132036
2570125
7420020
6330075
2671404
3315968
7943115
512053
2231967
5719665
3745580
8291464
4901201
3975807
8888266
11047586
257946
4031703
11743322
373905
1694457
2321876
1692457
254853
3609510
4926896
14738260
1611893
2426920
8651076
4746337
5150658
6339702
6031025
11391733
7313590
537860
26149
3468584
2485726
8802328
104169
352849
450046
7776480
7191454
1358328
7386956
5294925
634041
7953948
10951269
3534740
2361510
8176600
671567
16000344
5384684
2480264
5118901
2048862
214719
8486736
4114176
489232
219519
10213155
6580321
316319
11902694
11990967
14094301
9692293
3168461
3716464
7628241
5369111
2481984
206426
1155336
2549470
3314817
4179949
5175947
1729964
4008218
1222206
736693
1864080
4526241
5272212
3614221
371902
9405512
2842945
928892
4287685
8982421
2924478
711056
4621953
5315855
303442
1887861
9405961
1209465
1751350
3926585
2752453
4253556
18444896
15436746
6293399
502530
2643852
10611419
1650919
1510482
13874706
5499796
3762149
2642508
518530
299378
82448
8971521
7888962
649407
7646594
200438
4905734
6298035
6028950
2531411
4860375
7566321
6379579
8856322
2589299
13764770
14780954
1843433
5719362
326552
9990733
4266892
3571165
2159609
5435958
7476599
591354
5626788
44067
3926326
99312
193758
9032536
2665297
88223
5902482
279166
15816733
5960354
7301743
299104
1734649
4123614
16196405
48495
47706
2733041
1879566
13743
4928920
1298367
4984540
2241173
10778155
3091630
58060
3094637
7458634
1674601
6452468
14279742
561047
4124606
2261090
13553085
7459161
47113
345999
1106566
337345
460689
5667641
5251023
792360
14870618
3649782
2197240
7654102
5024969
2298612
3257300
16589011
402066
3613436
12781006
985283
804599
8098566
2255986
7167357
3098447
550625
7870615
32831
16199379
4955789
3565693
5305804
326382
2598126
823067
1643878
1460124
10090590
1406892
3586556
2041021
9575092
5301821
7255749
3951899
12550892
70505
5149278
753100
1309128
443028
4632465
6076964
15126906
17405044
2819494
851141
5988412
1588454
1182405
427137
7288995
5678417
10762958
1870891
3386547
10871667
2146223
6586394
6536150
8637817
5781831
15457599
1514801
6305491
6859625
2991302
9148833
9601837
1340596
9066486
512948
2181933
8154349
8002571
11418062
2053243
13282923
872552
796784
610772
3967112
11407808
3409560
1711686
391475
6846568
2257890
559992
3111821
9247825
209012
10557168
8244461
5075161
3932088
77669
707461
1631766
2872373
7992353
6891768
6118340
11422577
3056822
12332984
8831690
8247518
4532826
3117568
3360549
6464690
5624406
8217949
9087893
2178278
1591311
9442901
455205
2768714
4392094
692669
10130651
13465228
139390
17386059
8439890
6797203
2881000
3464116
354424
9587604
1996683
1479745
1590563
3272300
5381146
115660
4337612
9592078
7783994
2051426
7502846
537588
6782407
1724363
4850246
686246
5945929
231089
1385242
4629250
12269744
2907760
1378730
111800
10361624
584765
9973048
1713327
1477507
1372343
1336047
5866531
3607262
13036862
1719064
108988
2875513
14272402
4090963
12107035
6993775
2658399
2233715
10706343
6641376
11820431
2118101
8407686
8258581
6389590
7180601
10901968
5135591
4488987
2509520
2603023
2043793
8732558
47026
14722938
2081311
6890535
943620
189718
2227778
5699130
1389478
2530302
1154893
287348
7698758
3141783
504439
7761784
1058017
3554877
12457468
1140824
2335879
14601578
1067974
2577099
1576471
1777889
2202359
12781752
5558025
6336652
6956233
1326090
1005811
8017235
5189051
5869494
5777261
1313076
3420011
5623323
6685340
571
4399297
635842
2812093
570105
11845271
8126985
6926
5174019
562350
7222623
741705
7320336
954701
2719534
2339349
9011641
660958
2499505
7350005
409042
11031161
10822203
8447906
2272213
1559280
15498887
8429305
7469220
9270097
436817
4227544
311776
4444907
3798658
9870253
7768678
892522
2128761
10988775
14262451
11125687
6040390
3856288
6187806
13378913
6347142
2838010
11876884
3257356
2188724
240714
97968
355052
9270765
369985
7186013
3663217
3262464
5394629
5155438
1568082
4273770
5333611
7272079
1529556
3943913
8144782
6244011
7476325
71087
82383
6019114
6285777
8530245
1148189
99883
3896259
234608
6595303
1014754
2402780
5550280
7059701
982829
5628623
8249417
1780581
607919
1243081
9045793
2627137
14991518
1494624
11677107
9182330
10486951
81754
3522872
1052141
1850459
1827678
1805992
3532773
6634182
494141
280966
8767507
16129500
2507899
5798800
713414
2630844
16498433
1401528
1603179
278827
6421961
5469489
6979184
7379660
11509381
5468008
754229
5027538
3225705
2291672
6178670
4200453
11097185
14940632
10119018
2501618
4494583
6444123
760567
14145888
8164053
1993084
49051
408224
15271568
4829433
2227929
4384804
2925640
437612
2023777
2868436
7455583
3945392
10164821
1773135
2235522
38808
1101548
440790
13921811
2439449
944817
107405
9700926
8990964
3873358
11228273
751369
5178333
268808
10393337
9151536
133415
5770947
10852276
5652893
1362837
75397
1474621
411782
14477090
2220006
343612
1011983
5964274
3371898
133660
443665
2047582
4737213
4496500
2990882
3749081
9636665
6548700
15055155
2909498
3586205
4467598
10569190
3803601
293223
6221944
129273
1253101
1894757
6447307
3630190
4153036
5808629
2604468
66759
7579964
1081149
1774973
698579
4723
75077
2881987
5393784
1318126
7937267
10993186
7661203
696416
2271600
5616897
13266736
710579
2429928
4670175
1619371
5338828
112811
6621090
2123644
358979
11722073
2397549
560707
5219172
887619
15254551
1471228
1434629
455171
2825153
4533599
4671391
754249
10659965
2151811
9814351
7855371
1139253
6901901
13272665
2609078
8801188
10404701
1504470
4687479
466616
3836673
3067518
3195861
2128570
4251
3682904
4190900
1323164
7330406
1901147
6167684
6850977
729242
1031525
6251770
2683783
1982886
1114644
7106834
2188473
5749991
14501812
1223316
3748882
957684
5233657
1167192
553178
763813
6309732
1376143
1434637
623955
5389821
11513057
10284689
1405027
4348344
12522573
1305311
7193769
836790
7195564
951831
4174229
6897186
3218159
9485951
1562005
2829903
12378385
350873
31901
4911771
3637169
5790606
820242
2540500
5637406
1488161
2122932
6656144
9666975
1221693
13166001
2284444
2144454
9668246
6155788
7984159
10471000
146718
691719
6951880
1269080
10650434
4280251
4361015
9352595
7861461
11747280
364375
4403862
4984822
680393
978871
8748929
10153712
6135196
1551647
4061661
475430
333753
107068
12285978
556380
11201090
832904
594822
5180930
29940
355932
655912
14091411
5698926
3915859
14135581
6324430
4813429
2123184
9328959
2763770
182634
7599585
4106010
517427
277021
2449133
2821556
1610608
4754138
3507135
447067
6562099
5644052
3309914
6541631
195135
11949
423856
2285907
2259082
4369737
10119748
8504221
1260981
9781068
1089422
10638993
232892
3051381
11854447
8194427
14808429
7817316
5699587
1540165
3735582
1516092
7443926
6205152
2701741
3932830
731155
1925762
9120745
4868550
4717750
3862869
936121
2688687
1926687
1054755
9626967
829498
6821789
10083548
13983605
1284138
2961361
1586024
6021391
7284065
234528
2831830
16312449
3250431
340192
5261604
300901
6646057
7435981
8963939
803657
746412
255405
4005395
4896214
5764823
2752934
10570369
6162497
142349
619381
18558359
779560
9896822
3371557
5671174
10613989
1281805
1101916
167908
5151234
192839
4278347
5328579
4182312
383289
9363562
3125161
6405922
3297281
7872210
6390071
5600456
2312658
1840673
1325249
4668289
2782809
3431183
2519153
466057
437749
5098531
1109217
11426099
6886265
5360309
11113548
8611706
6807290
10714291
8199032
1977362
7383252
6653550
8626450
12840372
1341877
3867883
4212672
5627876
6898209
5674404
4696985
1513416
24404
555200
208530
7523764
2910653
2067962
3977757
6784951
2523862
12320890
13918798
2907364
9606269
2555337
24587
952160
8437411
11562228
1708087
10760503
1270435
3700584
3855679
7422655
1870915
141231
360605
11887617
10463304
2145104
809284
12882514
3785958
1183790
626140
6454471
3098109
1030045
3997640
1239768
2825152
2875530
975158
10062139
8088550
3565608
618847
10861649
1872955
1498828
7854745
914057
2275410
72728
793794
1189580
3565281
7071871
2182359
2890369
1544943
336637
1797694
7808752
81397
424885
14100
13211904
1714098
4282614
121695
492827
1621081
4306978
3038495
1418407
333759
4854422
9084459
14575155
3238104
275970
3115165
113141
423997
3427292
2284393
7579228
12166721
3975272
2106619
9011609
945574
4669257
3214673
13949209
6143216
606631
381090
1302575
12680720
3845890
16764637
44130
3683916
947923
6041143
1533891
5582181
15514982
14636392
4625691
12183837
6117350
384408
1048501
2052554
5421600
7957129
12449128
2659152
8416924
1842337
10808006
84098
4279384
7810473
8966591
252598
7751627
10077825
1449325
487963
4082726
2073175
11720213
8492446
130275
1696731
2216521
17609873
1295822
2975132
2286948
7300180
2946926
7749289
15180527
797261
3126615
1344654
840881
112996
14149284
443381
1355984
186907
4676188
255085
871550
10817821
9012369
3441263
4893635
1663350
4818960
11270031
5880283
13569237
409070
5671787
962483
5288666
4397178
15815701
607623
16573494
5946813
282725
2261377
4218357
3844649
17033142
10449567
320185
4175286
3147726
6664283
5081656
1570820
335948
1041566
438555
14395905
2019672
4084286
4244184
4560846
13630131
2784912
5547993
4967436
7792000
127991
530257
1378542
9277317
5000875
3356560
67591
2382992
6346330
2420594
9495452
8251754
2988294
5443950
1970771
981778
1202812
7881156
1730275
4653966
4956829
3829440
5679266
9291117
6702585
10378188
5587597
1102525
3025146
3667814
5554140
4304381
2876706
805797
432980
7952073
500662
5265350
11032863
198901
9130181
5270725
8469813
1593944
16390451
10115461
11293183
1261180
10228658
11859126
1958799
6180607
12289
4016488
9354333
4312127
11254042
4388514
11261968
371113
1078122
4079493
11945090
2315258
1926979
3474465
3505480
9445044
741638
2586611
127354
5336011
10264720
3002676
13486057
7302152
11494444
455502
10396074
2629273
638329
8491282
11919103
6345961
8373212
10182386
13596775
922441
10447573
3963582
14501764
3946933
1950065
7167794
18915
1944653
1805252
6302186
173139
8107005
423634
1137426
8128195
8395260
11373927
254393
5930590
12315454
4446237
7600417
7239789
144409
2048519
2057963
1757735
7923315
547224
9445900
1023062
6189816
379091
2503567
2195142
3199091
126427
1187889
504137
188967
250937
839638
6415085
5915231
6868309
6590217
13121395
6735800
705968
5200914
1564428
17740816
9155820
3207520
2683335
3316350
6161771
4651429
2963561
7449601
1337401
1211
3404808
5628258
1312896
2660515
4851924
1180550
6637074
695851
63202
15113552
3289870
1559326
2823782
3880378
5070401
2315124
8907767
9827572
857877
490200
2513553
10233626
1853288
70684
7277272
492802
340067
4454610
11714126
3307692
3031045
4376921
3551
822008
5884816
1314172
5135268
212143
89168
10950206
1487841
7227248
2587222
3497324
4541115
3835322
1954438
10528228
3504948
6337589
4316423
7967356
6913075
772218
1065868
6187543
682653
3473915
920382
3443567
1000927
4162883
294765
3885473
615365
8047409
11932103
747867
1458560
2426552
1369869
544078
1998654
6042178
7079581
14860889
1353609
4295355
13827015
6474690
548278
577842
1439259
3233924
3004246
8035207
1639232
4485297
10420
3510851
2091988
2193378
11424
5905965
1600210
1911043
688494
6758176
1434823
8677879
4206511
10019190
7566174
16931472
6685329
9027814
2136548
1218985
861066
1003505
7273265
539774
9281463
162684
3295802
11641244
734243
2257001
10663500
24219
170825
7508033
2550228
1668297
5416546
5056314
12689878
1121114
3228445
4515028
184589
5863184
2094731
1075061
560953
1019966
7351769
2002524
1339715
12384927
1252083
850069
5979099
4060192
2834319
9006956
2132636
10109738
80817
4199582
9551460
3042655
269355
5468658
1297553
9463837
2317136
1410567
12873349
13974627
13648880
2762611
3576504
936167
11732123
1470071
5863811
2096198
1350156
3598126
10134939
2888981
1852426
45655
757847
345227
3251907
4559366
4601
1899125
7940759
4381129
745783
345586
3650084
8060694
4706580
12638638
1373967
8920189
3127609
115970
423077
4875991
1105747
6275329
1201900
4328680
15126250
5608850
3747618
3000119
3147841
1740853
353947
49692
8272115
14907540
939154
396346
9767039
2401629
15561765
2396041
1654848
11445382
1150580
1081390
2700163
1889214
8783997
5560360
2549605
1241853
14864
3636245
774691
1077641
4957788
905818
1367568
902864
11162451
428238
11721406
2127344
8173054
2775447
5726240
2528632
2526724
5326425
2454705
5671460
836588
5549478
793319
3836357
2256987
7434715
7807514
5985377
15563272
8013364
2612926
1265138
2984097
8521660
2299345
1946643
338911
10620858
13714483
2706850
7199606
4453982
5963296
230145
17194707
4486498
5143114
842334
7817044
5086987
315084
1031509
324477
2454283
1978792
16261738
6502313
11669208
1838643
10032821
2276618
8623451
9895308
8250068
6467744
7770839
3256212
11515647
3163241
6482375
176491
5970696
437824
357359
5493887
2311500
2152387
1370572
291581
4642521
9569813
6489496
15618409
1562747
130473
7520903
5390185
16547551
1913396
774200
8605079
9459398
3683268
1699489
9350513
5597264
8325588
158800
4698722
1213677
12277576
3792213
1452747
12524858
3776388
841585
1471131
10773657
1019576
2712419
1127449
524214
1241061
11260949
3530355
3465553
4552009
280294
3998528
2799758
2934419
12654075
12860576
5186026
336691
576862
12361822
3825916
2354635
2732706
2668017
2041359
3993994
48617
10309839
916480
6113
16526724
791055
482406
3514046
1153265
818795
14233404
2697564
2082057
712410
3817999
638349
218602
518269
9307037
6128653
244229
1855213
13256717
481830
5148672
1545842
1216246
2744873
3919846
192173
2206367
2926868
3548497
13149020
4137682
11765259
3819536
8562398
4812383
6510910
1603242
7036294
1000079
2581861
88814
894042
10800496
8669237
326791
8006037
16808669
3217110
15462540
4362441
4160921
8574256
11049542
5851894
10453326
7455873
12635119
522009
451973
1855154
212220
7597911
2405201
10648361
2875755
1429960
1925951
295227
1566192
65616
11056271
4569155
738242
5673014
1714702
8150664
78207
5256934
436643
7824931
8950950
1544689
1641362
54477
9202724
494700
1038664
8554528
9708770
6404351
5425784
11348221
2184214
5935289
15116848
10979546
2915935
929795
1201324
16671739
1983976
2226207
6277014
990047
9318219
2719148
4081677
10328681
7625020
9910593
6016
2616977
38669
685937
4862260
2116312
4282461
4332899
6853294
9606703
4154153
845104
1177749
4805958
3460485
89400
6141855
13213842
17047429
11286416
4970741
192860
2409191
6479675
1430358
542344
2832775
3208860
15609761
2827720
4577184
213305
10676042
182433
12845012
3716569
1114089
9575611
1166610
969903
732398
10564139
14405822
210275
13095778
7220734
1861512
3934009
64485
698318
4652193
7810665
2650405
14509
10680975
36291
11533133
58929
1778932
3140398
7250086
435376
2231670
15163739
784320
6245032
2474032
4393718
434530
5369886
9893295
8765213
2651871
965866
12467966
4479917
2127290
2029616
2069560
572720
2744819
10181975
629209
11487316
1462294
13594598
7218998
739822
8079083
10182671
2599976
9737446
4589059
2968543
508904
167561
15445060
4723904
14614944
1487785
3795151
47486
677710
811685
7045766
2316494
7220651
17390532
332286
4312073
4999592
4428102
809903
1042303
6696842
4282121
3260274
5659404
768290
8725368
1825911
5847643
2204352
1329777
10736151
2769340
1239788
13387840
6392327
2812791
1038961
1000640
4500721
13044543
5730588
2030949
4289722
830088
12218066
2046060
10930730
6062776
3798533
16913165
507967
512568
2682633
5215951
16940102
986518
9707477
6049238
10190532
2972046
2769176
12493974
340963
4295842
4087627
16097349
6035746
12537247
775242
1676409
6160204
1946504
1727828
6213800
427284
1398808
3988012
3306834
493754
830993
8920635
15362710
32381
141766
4838063
5511838
117042
153628
7313929
3072134
317998
2890982
2505412
3495614
2443447
6795538
4684166
1875283
7542876
6647361
3331
730038
1347111
3813877
2083461
4343707
2943479
118459
1975642
7276234
877983
413623
10543311
287012
3768683
1877244
8955763
1529487
2739700
4580978
2059564
423166
455731
5926079
3255417
1282073
906290
9061705
8859673
919161
1301521
6344672
1092492
2050147
1064735
3033334
11891438
4144014
925719
8090599
10588129
1096459
6345592
5409742
3998983
4374429
1025563
11103223
5349194
10568046
2535141
11195026
15243360
14776402
694584
3559941
4518709
2509522
11302864
1174119
8912613
4645807
240588
6903783
7709522
5631045
148087
11834343
6214811
8636678
1165936
11156256
4196649
4712728
8758191
7999633
618072
13167579
7869376
6904808
1978154
3026526
267361
2385529
9112839
7801157
115845
12116773
2337766
12600567
1202546
849777
8425741
1132007
14021776
10686
12307728
441072
9923856
11895179
802374
3573860
6554906
4885350
1433896
722723
2344
9646747
10442260
8677556
5428645
148580
213366
1211687
8870
16442693
172714
65249
802533
1872378
1238772
405357
7858874
2750797
217981
8645670
721184
3958429
900655
10481677
9967814
7033717
7002107
33024
1221509
7834015
3084156
645199
156750
131831
562891
798101
6653812
4920513
5773177
13381605
3379662
9554122
2989639
3300303
6444714
4398227
1883255
6525429
9353060
2796878
4299382
4785876
4645478
1641891
2929676
16099993
5371824
9308565
5217289
5201428
534545
13646422
80765
1554660
8290057
5865682
4299242
781917
3635475
7556446
11108292
6229043
158661
1856570
2011939
135432
4022208
5873089
3696239
4999660
15278232
9339355
3726821
6939432
2660826
4710044
430637
2527990
1727405
4494270
6703937
90230
8663155
8738058
17674970
1379630
3442575
291543
4014368
8798037
215143
1737026
4017674
5569404
892304
4186008
12784996
900492
1007
5018505
561499
1341269
6220745
4474580
10541683
444677
6365354
6148772
6004972
3905396
6493588
324590
1073058
1262993
13661974
7529
3109000
1331360
4803566
3342107
2392946
1766499
3549939
7600544
6008533
17285419
3048192
784630
8187554
12980774
9169777
4583433
2702357
4205035
2112552
569841
1082679
12304779
859362
4001131
1481
12029413
2593157
680473
3520085
11551687
4296398
8044748
7966
7515979
3066883
1391889
4269581
7618585
387968
9781452
2826073
5303456
2192298
5283862
6644361
2571955
10682123
10130334
101607
5298259
3335826
8255485
22537
2510126
2926935
141385
6154056
104110
718760
958488
909144
780567
2878296
159005
8580303
2931905
12226097
447629
6407843
103050
12255258
2497802
834558
2174703
3200001
4537610
557269
8774270
2210959
337243
9522893
159545
2425881
5448820
2265459
867757
3157463
3983114
681307
6974618
1841102
9376988
4689186
1049693
5532275
12245888
2782106
544091
546765
6855440
8373161
3612681
11632560
9013280
3110045
2527447
2084792
3411327
1852106
5182121
7300592
2874808
6120661
8863398
759127
5586045
414936
1076211
4078269
7416726
12139175
3744658
6921617
696900
1822683
4688213
6799787
13997848
3618105
7032
3764983
2589223
1481488
660317
395663
5524944
5796196
