83865
11544869
3211879
11226848
2820128
1029017
2101448
467622
1912886
3155750
5846931
3921177
3929945
1536899
3577951
9981174
2168869
14922959
125819
2760428
1712026
4802959
9903466
974271
780593
6643710
5126817
13055289
4821544
2740748
1054822
9479264
11933977
4094743
9844040
4688795
7004751
1884847
4154277
12954064
636076
5982524
1877116
11006631
2610889
1995064
11019699
1998019
2307555
5114526
805429
2148332
16918
357254
5581830
2272193
5373551
2608361
2234023
810538
7574730
6421894
4550
3403685
1695627
4440167
11274055
7535803
1238719
4436465
3990363
9378266
4066594
1608300
10032989
2262307
3388270
4385272
10513423
62103
12528032
2564482
4873455
730342
1223669
46505
3738986
7140
2841380
12762622
10360203
921570
3524
1266128
2662777
2897471
1281337
3202869
2737698
917007
